// MilkShape 3D ASCII

Frames: 30
Frame: 1

Meshes: 1
"Box01" 0 1
4
1 -1.505103 0.504770 -0.000124 1.000000 0.000000 -1
1 1.505042 -0.504616 -0.000124 0.000000 1.000000 -1
1 1.505042 0.504770 -0.000124 0.000000 0.000000 -1
1 -1.505103 -0.504616 -0.000124 1.000000 1.000000 -1
1
0.000000 0.000000 1.000000
2
0 0 1 2 0 0 0 1
0 0 3 1 0 0 0 1

Materials: 2
"Material01"
0.803922 0.623529 0.360784 1.000000
0.803922 0.623529 0.360784 1.000000
0.000000 0.000000 0.000000 1.000000
0.000000 0.000000 0.000000 1.000000
0.000000
1.000000
""
""
"spaceMat"
1.000000 1.000000 1.000000 1.000000
0.800000 0.800000 0.800000 1.000000
0.000000 0.000000 0.000000 1.000000
0.000000 0.000000 0.000000 1.000000
0.000000
1.000000
"..\..\..\model textures\redBrick.bmp"
""

Bones: 0
