// MilkShape 3D ASCII

Frames: 30
Frame: 1

Meshes: 1
"Duplicate02" 1 0
4
1 2.473171 0.555927 1.751481 0.000000 0.000000 -1
1 2.473171 -0.541396 1.751481 0.000000 1.000000 -1
1 -2.477385 0.555927 1.754405 1.000000 0.000000 -1
1 -2.477385 -0.541396 1.754405 1.000000 1.000000 -1
1
-0.000591 0.000000 -1.000000
2
1 0 1 2 0 0 0 1
1 1 3 2 0 0 0 1

Materials: 1
"step colour"
0.905882 0.650980 0.372549 0.000000
0.949020 0.580392 0.309804 0.000000
0.000000 0.000000 0.000000 0.000000
0.000000 0.000000 0.000000 0.000000
0.000000
0.000000
""
""

Bones: 0
