// MilkShape 3D ASCII

Frames: 40
Frame: 1

Meshes: 2
"Regroup01" 0 0
82
0 1.887403 -0.479539 -0.000999 0.000000 1.000000 -1
0 1.887403 0.500565 -0.000999 0.000000 0.000000 -1
0 1.526941 -0.479539 1.108389 0.100000 1.000000 -1
0 1.526941 0.500565 1.108389 0.100000 0.000000 -1
0 0.583240 0.500565 1.794029 0.200000 0.000000 -1
0 0.583240 -0.479539 1.794029 0.200000 1.000000 -1
0 -0.583240 -0.479539 1.794029 0.300000 1.000000 -1
0 -0.583240 0.500565 1.794029 0.300000 0.000000 -1
0 -1.526942 0.500565 1.108389 0.400000 0.000000 -1
0 -1.526942 -0.479539 1.108389 0.400000 1.000000 -1
0 -1.887404 -0.479539 -0.000999 0.500000 1.000000 -1
0 -1.887404 0.500565 -0.000999 0.500000 0.000000 -1
0 -1.500736 0.500565 -2.000115 0.600000 0.000000 -1
0 -1.500736 -0.479539 -2.000115 0.600000 1.000000 -1
0 -0.583240 -0.479539 -1.999515 0.700000 1.000000 -1
0 -0.583240 0.500565 -1.999515 0.700000 0.000000 -1
0 0.583240 0.500565 -1.999920 0.800000 0.000000 -1
0 0.583240 -0.479539 -1.999920 0.800000 1.000000 -1
0 1.499164 -0.479539 -2.000115 0.900000 1.000000 -1
0 1.499164 0.500565 -2.000115 0.900000 0.000000 -1
0 1.887403 0.500565 -0.000999 1.000000 0.000000 -1
0 1.887403 -0.479539 -0.000999 1.000000 1.000000 -1
0 1.230699 -0.485508 0.889151 0.100000 1.000000 -1
0 1.519602 0.500264 0.000000 0.000000 0.000000 -1
0 1.519602 -0.485508 0.000000 0.000000 1.000000 -1
0 1.230699 0.500264 0.889151 0.100000 0.000000 -1
0 0.474342 0.500264 1.438677 0.200000 0.000000 -1
0 0.474342 -0.485508 1.438677 0.200000 1.000000 -1
0 -0.460569 -0.485508 1.438677 0.300000 1.000000 -1
0 -0.460569 0.500264 1.438677 0.300000 0.000000 -1
0 -1.216925 0.500264 0.889151 0.400000 0.000000 -1
0 -1.216925 -0.485508 0.889151 0.400000 1.000000 -1
0 -1.505830 -0.485508 0.000000 0.500000 1.000000 -1
0 -1.505830 0.500264 0.000000 0.500000 0.000000 -1
0 -1.216925 0.500264 -0.889151 0.600000 0.000000 -1
0 -1.216925 -0.485508 -0.889151 0.600000 1.000000 -1
0 -0.460569 -0.485508 -1.438677 0.700000 1.000000 -1
0 -0.460569 0.500264 -1.438677 0.700000 0.000000 -1
0 0.474342 0.500264 -1.438677 0.800000 0.000000 -1
0 0.474342 -0.485508 -1.438677 0.800000 1.000000 -1
0 1.230699 -0.485508 -0.889151 0.900000 1.000000 -1
0 1.230699 0.500264 -0.889151 0.900000 0.000000 -1
0 1.519602 0.500264 0.000000 1.000000 0.000000 -1
0 1.519602 -0.485508 0.000000 1.000000 1.000000 -1
0 -0.583240 0.500565 -1.999515 0.000000 0.000000 -1
0 -0.460569 0.500264 -1.438677 0.000000 0.000000 -1
0 0.583240 0.500565 -1.999920 0.000000 0.000000 -1
0 0.474342 0.500264 -1.438677 0.000000 0.000000 -1
0 1.499164 0.500565 -2.000115 0.000000 0.000000 -1
0 1.230699 0.500264 -0.889151 0.000000 0.000000 -1
0 1.526941 0.500565 1.108389 0.000000 0.000000 -1
0 1.230699 0.500264 0.889151 0.000000 0.000000 -1
0 0.583240 0.500565 1.794029 0.000000 0.000000 -1
0 0.474342 0.500264 1.438677 0.000000 0.000000 -1
0 -0.583240 0.500565 1.794029 0.000000 0.000000 -1
0 -0.460569 0.500264 1.438677 0.000000 0.000000 -1
0 -1.526942 0.500565 1.108389 0.000000 0.000000 -1
0 -1.216925 0.500264 0.889151 0.000000 0.000000 -1
0 -1.887404 0.500565 -0.000999 0.000000 0.000000 -1
0 -1.505830 0.500264 0.000000 0.000000 0.000000 -1
0 -1.500736 0.500565 -2.000115 0.000000 0.000000 -1
0 -1.216925 0.500264 -0.889151 0.000000 0.000000 -1
0 0.583240 -0.479539 1.794029 0.000000 0.000000 -1
0 -0.583240 -0.479539 1.794029 0.000000 0.000000 -1
0 -0.460569 -0.485508 1.438677 0.000000 0.000000 -1
0 0.474342 -0.485508 1.438677 0.000000 0.000000 -1
0 1.230699 -0.485508 0.889151 0.000000 0.000000 -1
0 1.526941 -0.479539 1.108389 0.000000 0.000000 -1
0 1.519602 -0.485508 0.000000 0.000000 0.000000 -1
0 1.887403 -0.479539 -0.000999 0.000000 0.000000 -1
0 1.230699 -0.485508 -0.889151 0.000000 0.000000 -1
0 1.499164 -0.479539 -2.000115 0.000000 0.000000 -1
0 0.474342 -0.485508 -1.438677 0.000000 0.000000 -1
0 0.583240 -0.479539 -1.999920 0.000000 0.000000 -1
0 -0.460569 -0.485508 -1.438677 0.000000 0.000000 -1
0 -0.583240 -0.479539 -1.999515 0.000000 0.000000 -1
0 -1.216925 -0.485508 -0.889151 0.000000 0.000000 -1
0 -1.500736 -0.479539 -2.000115 0.000000 0.000000 -1
0 -1.505830 -0.485508 0.000000 0.000000 0.000000 -1
0 -1.887404 -0.479539 -0.000999 0.000000 0.000000 -1
0 -1.216925 -0.485508 0.889151 0.000000 0.000000 -1
0 -1.526942 -0.479539 1.108389 0.000000 0.000000 -1
64
0.951057 0.000000 0.309017
0.527095 0.832321 0.171501
0.809017 0.000000 0.587785
0.309017 0.000000 0.951056
0.309017 0.000000 0.951056
-0.309017 0.000000 0.951056
-0.809017 0.000000 0.587785
-0.809017 0.000000 0.587785
-0.998106 0.000000 0.061511
-0.636183 0.000000 -0.771538
0.000154 0.000000 -1.000000
0.000154 0.000000 -1.000000
-0.000280 0.000000 -1.000000
0.636061 0.000000 -0.771639
0.981659 0.000000 -0.190644
-0.809017 0.000000 -0.587785
-0.528037 0.831740 -0.171422
-0.951057 0.000000 -0.309017
-0.309017 0.000000 -0.951056
0.309017 0.000000 -0.951056
0.809016 0.000000 -0.587786
1.000000 0.000000 0.000000
0.809016 0.000000 0.587786
0.309017 0.000000 0.951056
-0.809017 0.000000 0.587785
-0.951057 0.000000 0.309017
0.000112 1.000000 0.000424
0.000112 1.000000 0.000513
0.000000 1.000000 0.000538
-0.000056 1.000000 0.000435
-0.000264 1.000000 0.000296
-0.000537 1.000000 0.000206
-0.000715 1.000000 -0.000409
-0.000610 1.000000 -0.000552
-0.000336 1.000000 -0.000746
-0.000168 1.000000 -0.000797
0.000164 1.000000 -0.000792
0.000329 1.000000 -0.000735
0.000592 1.000000 -0.000538
0.000692 1.000000 -0.000398
0.000791 1.000000 -0.000120
0.000683 1.000000 0.000016
0.000419 1.000000 0.000192
0.000268 1.000000 0.000296
0.004991 -0.999871 0.015268
-0.004879 -0.999874 0.015114
-0.004879 -0.999874 0.015114
0.004991 -0.999871 0.015268
0.012069 -0.999868 0.010918
0.014156 -0.999867 0.008098
0.016234 -0.999867 0.001762
0.014929 -0.999888 -0.000795
0.010621 -0.999935 -0.004078
0.005216 -0.999969 -0.005867
0.001106 -0.999962 -0.008615
-0.000002 -0.999943 -0.010639
-0.002226 -0.999946 -0.010155
-0.002224 -0.999962 -0.008401
-0.005309 -0.999969 -0.005856
-0.008297 -0.999958 -0.003802
-0.013517 -0.999909 -0.000315
-0.015650 -0.999875 0.002383
-0.013690 -0.999875 0.007868
-0.011724 -0.999875 0.010649
80
0 0 1 2 0 1 2 1
0 1 3 2 1 2 2 1
0 2 4 5 2 3 4 1
0 5 4 6 4 3 5 1
0 4 7 6 3 5 5 1
0 6 7 8 5 5 6 1
0 6 8 9 5 6 7 1
0 9 8 10 7 6 8 1
0 8 11 10 6 8 8 1
0 10 11 12 8 8 9 1
0 10 12 13 8 9 9 1
0 13 12 14 9 9 10 1
0 12 15 14 9 11 10 1
0 14 15 16 10 11 12 1
0 14 16 17 10 12 12 1
0 17 16 18 12 12 13 1
0 18 19 20 13 13 14 1
0 18 20 21 13 14 14 1
0 22 23 24 15 16 17 1
0 22 25 23 15 15 16 1
0 26 25 22 18 15 15 1
0 27 26 22 18 18 15 1
0 28 26 27 19 18 18 1
0 28 29 26 19 19 18 1
0 30 29 28 20 19 19 1
0 31 30 28 20 20 19 1
0 32 30 31 21 20 20 1
0 32 33 30 21 21 20 1
0 34 33 32 22 21 21 1
0 35 34 32 22 22 21 1
0 36 37 34 23 23 22 1
0 38 37 36 5 23 23 1
0 39 38 36 5 5 23 1
0 40 41 38 24 24 5 1
0 42 41 40 25 24 24 1
0 43 42 40 25 25 24 1
0 44 45 46 26 27 28 1
0 46 45 47 28 27 29 1
0 48 46 47 30 28 29 1
0 48 47 49 30 29 31 1
0 1 48 49 1 30 31 1
0 1 49 23 1 31 16 1
0 50 1 23 32 1 16 1
0 50 23 51 32 16 33 1
0 52 50 51 34 32 33 1
0 52 51 53 34 33 35 1
0 54 52 53 36 34 35 1
0 54 53 55 36 35 37 1
0 56 54 55 38 36 37 1
0 56 55 57 38 37 39 1
0 58 56 57 40 38 39 1
0 58 57 59 40 39 41 1
0 60 58 59 42 40 41 1
0 59 61 60 41 43 42 1
0 44 60 61 26 42 43 1
0 61 45 44 43 27 26 1
0 62 63 64 44 45 46 1
0 64 65 62 46 47 44 1
0 66 62 65 48 44 47 1
0 62 66 67 44 48 49 1
0 68 67 66 50 49 48 1
0 67 68 69 49 50 51 1
0 70 69 68 52 51 50 1
0 69 70 71 51 52 53 1
0 72 71 70 54 53 52 1
0 71 72 73 53 54 55 1
0 74 73 72 56 55 54 1
0 73 74 75 55 56 57 1
0 76 75 74 58 57 56 1
0 75 76 77 57 58 59 1
0 77 78 79 59 60 61 1
0 78 77 76 60 59 58 1
0 79 80 81 61 62 63 1
0 80 79 78 62 61 60 1
0 81 64 63 63 46 45 1
0 64 81 80 46 63 62 1
0 38 39 40 5 5 24 1
0 34 35 36 22 22 23 1
0 19 18 16 13 13 12 1
0 2 3 4 2 2 3 1
"Regroup01" 0 1
10
0 -0.460569 0.500264 -1.438677 0.000000 0.000000 -1
0 1.230699 0.500264 -0.889151 0.000000 0.000000 -1
0 0.474342 0.500264 -1.438677 0.000000 0.000000 -1
0 1.230699 0.500264 0.889151 0.000000 0.000000 -1
0 1.519602 0.500264 0.000000 0.000000 0.000000 -1
0 -0.460569 0.500264 1.438677 0.000000 0.000000 -1
0 0.474342 0.500264 1.438677 0.000000 0.000000 -1
0 -1.505830 0.500264 0.000000 0.000000 0.000000 -1
0 -1.216925 0.500264 0.889151 0.000000 0.000000 -1
0 -1.216925 0.500264 -0.889151 0.000000 0.000000 -1
1
0.000000 1.000000 0.000000
8
0 0 1 2 0 0 0 1
0 1 3 4 0 0 0 1
0 3 5 6 0 0 0 1
0 5 7 8 0 0 0 1
0 7 0 9 0 0 0 1
0 5 0 7 0 0 0 1
0 0 5 1 0 0 0 1
0 1 5 3 0 0 0 1

Materials: 2
"step colour"
0.266667 0.203922 0.827451 1.000000
0.270588 0.282353 0.760784 1.000000
0.000000 0.000000 0.000000 1.000000
0.000000 0.000000 0.000000 1.000000
0.000000
1.000000
""
""
"Material01"
0.345098 0.639216 0.721569 0.850000
0.266667 0.670588 0.690196 0.850000
0.000000 0.000000 0.000000 0.850000
0.000000 0.000000 0.000000 0.850000
0.000000
0.850000
""
""

Bones: 0
