// MilkShape 3D ASCII

Frames: 30
Frame: 1

Meshes: 2
"Regroup03" 0 2
16
0 2.299018 0.499982 2.001159 0.000000 0.000000 -1
0 2.299018 -0.500129 2.001159 0.000000 1.000000 -1
0 1.499802 0.499982 -2.000543 1.000000 0.000000 -1
0 1.499802 -0.500129 -2.000543 1.000000 1.000000 -1
0 -1.499601 0.499982 -2.000543 0.000000 0.000000 -1
0 -1.499601 -0.500129 -2.000543 0.000000 1.000000 -1
0 -2.299967 0.499982 2.001159 1.000000 0.000000 -1
0 -2.299967 -0.500129 2.001159 1.000000 1.000000 -1
0 -2.299967 -0.500129 2.001159 0.000000 0.000000 -1
0 2.299018 -0.500129 2.001159 1.000000 0.000000 -1
0 -2.299967 0.499982 2.001159 0.000000 0.000000 -1
0 -2.299967 -0.500129 2.001159 0.000000 1.000000 -1
0 2.299018 0.499982 2.001159 1.000000 0.000000 -1
0 2.299018 -0.500129 2.001159 1.000000 1.000000 -1
0 -2.299967 0.499982 2.001159 0.000000 1.000000 -1
0 2.299018 0.499982 2.001159 1.000000 1.000000 -1
5
0.980634 0.000000 -0.195851
-0.980579 0.000000 -0.196122
0.000000 -1.000000 0.000000
0.000000 0.000000 1.000000
0.000000 1.000000 0.000000
10
0 0 1 2 0 0 0 2
0 1 3 2 0 0 0 2
0 4 5 6 1 1 1 2
0 5 7 6 1 1 1 2
0 8 5 9 2 2 2 3
0 5 3 9 2 2 2 3
0 10 11 12 3 3 3 1
0 11 13 12 3 3 3 1
0 4 14 2 4 4 4 3
0 14 15 2 4 4 4 3
"back" 1 1
4
1 -1.499601 0.499982 -2.000543 1.000000 0.000000 -1
1 1.499802 -0.500129 -2.000543 0.000000 1.000000 -1
1 1.499802 0.499982 -2.000543 0.000000 0.000000 -1
1 -1.499601 -0.500129 -2.000543 1.000000 1.000000 -1
1
0.000000 0.000000 1.000000
2
1 0 1 2 0 0 0 1
1 0 3 1 0 0 0 1

Materials: 4
"arrow"
0.000000 0.000000 1.000000 1.000000
0.000000 0.000000 1.000000 1.000000
0.000000 0.000000 0.000000 1.000000
0.000000 0.000000 0.000000 1.000000
0.000000
1.000000
""
""
"green"
0.109804 0.843137 0.200000 1.000000
0.219608 0.862745 0.188235 1.000000
0.000000 0.000000 0.000000 1.000000
0.000000 0.000000 0.000000 1.000000
0.000000
1.000000
""
""
"semi-transparent"
0.141176 0.858824 0.156863 0.330000
0.258824 0.890196 0.243137 0.330000
0.000000 0.000000 0.000000 0.330000
0.000000 0.000000 0.000000 0.330000
0.000000
0.330000
""
""
"Material03"
1.000000 0.207843 0.227451 1.000000
1.000000 0.082353 0.109804 1.000000
0.000000 0.000000 0.000000 1.000000
0.000000 0.000000 0.000000 1.000000
0.000000
1.000000
""
""

Bones: 0
