// MilkShape 3D ASCII

Frames: 30
Frame: 1

Meshes: 2
"Regroup01" 0 2
12
0 2.300606 0.500388 2.001574 0.000000 0.000000 -1
0 2.300606 -0.499992 2.001574 0.000000 1.000000 -1
0 1.500605 0.500388 -1.999130 1.000000 0.000000 -1
0 1.500605 -0.499992 -1.999130 1.000000 1.000000 -1
0 -1.500023 0.500388 -1.999130 0.000000 0.000000 -1
0 -1.500023 -0.499992 -1.999130 0.000000 1.000000 -1
0 -2.304200 0.500388 2.001574 1.000000 0.000000 -1
0 -2.304200 -0.499992 2.001574 1.000000 1.000000 -1
0 -2.304200 -0.499992 2.001574 0.000000 0.000000 -1
0 2.300606 -0.499992 2.001574 1.000000 0.000000 -1
0 -2.304200 0.500388 2.001574 0.000000 1.000000 -1
0 2.300606 0.500388 2.001574 1.000000 1.000000 -1
5
0.980587 0.000000 -0.196083
-0.980390 0.000000 -0.197067
0.000000 -1.000000 0.000000
0.000000 1.000000 0.000000
0.000000 0.000000 1.000000
10
0 0 1 2 0 0 0 2
0 1 3 2 0 0 0 2
0 4 5 6 1 1 1 2
0 5 7 6 1 1 1 2
0 8 5 9 2 2 2 3
0 5 3 9 2 2 2 3
0 4 10 2 3 3 3 3
0 10 11 2 3 3 3 3
0 1 0 6 4 4 4 2
0 1 6 7 4 4 4 2
"back" 1 1
4
1 -1.500023 0.500388 -1.999130 1.000000 0.000000 -1
1 1.500605 -0.499992 -1.999130 0.000000 1.000000 -1
1 1.500605 0.500388 -1.999130 0.000000 0.000000 -1
1 -1.500023 -0.499992 -1.999130 1.000000 1.000000 -1
1
0.000000 0.000000 1.000000
2
1 0 1 2 0 0 0 1
1 0 3 1 0 0 0 1

Materials: 3
"arrow"
0.000000 1.000000 0.000000 1.000000
0.000000 1.000000 0.000000 1.000000
0.000000 0.000000 0.000000 1.000000
0.000000 0.000000 0.000000 1.000000
0.000000
1.000000
""
""
"blue"
0.125490 0.058824 0.717647 1.000000
0.215686 0.235294 0.941177 1.000000
0.000000 0.000000 0.000000 1.000000
0.000000 0.000000 0.000000 1.000000
0.000000
1.000000
""
""
"semi-transparent"
0.200000 0.200000 0.200000 0.740000
0.113725 0.188235 0.878431 0.740000
0.000000 0.000000 0.000000 0.740000
0.000000 0.000000 0.000000 0.740000
0.000000
0.740000
""
""

Bones: 0
