// MilkShape 3D ASCII

Frames: 30
Frame: 1

Meshes: 2
"Regroup13" 0 1
10
0 -0.984201 -1.525476 0.499123 0.000000 1.000000 -1
0 -0.984201 -1.525476 -0.500808 0.500000 1.000000 -1
0 -0.984201 0.984483 -0.500808 0.500000 0.500000 -1
0 -0.984201 0.984483 0.499123 0.000000 0.500000 -1
0 0.991547 0.984483 -0.500808 0.000000 0.000000 -1
0 0.991547 0.984483 0.499123 0.000000 0.000000 -1
0 0.991547 0.984483 -0.500808 0.500000 0.500000 -1
0 0.991547 -1.525476 -0.500808 0.500000 1.000000 -1
0 0.991547 -1.525476 0.499123 0.000000 1.000000 -1
0 0.991547 0.984483 0.499123 0.000000 0.500000 -1
5
1.000000 0.000000 0.000000
0.707107 -0.707107 0.000000
0.000000 -1.000000 0.000000
0.000000 0.000000 0.000000
-1.000000 0.000000 0.000000
6
0 0 1 2 0 0 0 2
0 0 2 3 0 0 1 2
0 4 4 4 2 2 2 1
0 5 4 4 3 2 2 1
0 6 7 8 4 4 4 2
0 9 6 8 4 4 4 2
"bottomTop" 1 2
10
1 -0.984201 0.984483 0.499123 0.000000 0.500000 -1
1 0.991547 0.984483 -0.500808 0.500000 0.500000 -1
1 0.991547 0.984483 0.499123 0.000000 0.000000 -1
1 -0.984201 0.984483 -0.500808 0.000000 0.000000 -1
1 0.991547 0.984483 -0.500808 0.000000 0.000000 -1
1 -0.984201 0.984483 0.499123 0.000000 0.000000 -1
1 -0.984201 -1.525476 0.499123 0.000000 0.000000 -1
1 0.991547 -1.525476 0.499123 0.000000 0.000000 -1
1 0.991547 -1.525476 -0.500808 0.000000 0.000000 -1
1 -0.984201 -1.525476 -0.500808 0.000000 0.000000 -1
3
0.707107 -0.707107 0.000000
0.000000 -1.000000 0.000000
0.000000 1.000000 0.000000
4
1 0 1 2 0 1 1 2
1 3 4 5 1 1 1 1
1 6 7 8 2 2 2 1
1 8 9 6 2 2 2 1

Materials: 3
"tower"
0.819608 0.623529 0.360784 1.000000
0.803922 0.623529 0.360784 1.000000
0.000000 0.000000 0.000000 1.000000
0.000000 0.000000 0.000000 1.000000
0.000000
1.000000
""
""
"door frame"
0.200000 0.200000 0.200000 0.900000
0.890196 0.811765 0.250980 0.900000
0.000000 0.000000 0.000000 0.900000
0.000000 0.000000 0.000000 0.900000
0.000000
0.900000
""
""
"opaqueDoorFrame"
0.200000 0.200000 0.200000 1.000000
0.890196 0.811765 0.250980 1.000000
0.000000 0.000000 0.000000 1.000000
0.000000 0.000000 0.000000 1.000000
0.000000
1.000000
""
""

Bones: 0
