// MilkShape 3D ASCII

Frames: 30
Frame: 15

Meshes: 3
"ring" 0 1
48
0 -0.002986 -0.138642 -1.695879 0.000000 0.000000 -1
0 -0.002986 0.135049 -1.695879 0.000000 0.000000 -1
0 1.156546 0.135049 -1.157738 0.000000 0.000000 -1
0 1.156546 -0.138642 -1.157738 0.000000 0.000000 -1
0 1.694686 0.135049 0.001793 0.000000 0.000000 -1
0 1.694686 -0.138642 0.001793 0.000000 0.000000 -1
0 0.936242 -0.138642 -0.937434 0.000000 0.000000 -1
0 0.936236 0.135046 -0.937429 0.000000 0.000000 -1
0 -0.002986 0.135046 -1.373321 0.000000 0.000000 -1
0 -0.002986 -0.138642 -1.373317 0.000000 0.000000 -1
0 1.372124 -0.138642 0.001793 0.000000 0.000000 -1
0 1.372128 0.135046 0.001793 0.000000 0.000000 -1
0 -1.695879 -0.138642 0.002986 0.000000 0.000000 -1
0 -1.695879 0.135049 0.002986 0.000000 0.000000 -1
0 -1.157738 0.135049 -1.156546 0.000000 0.000000 -1
0 -1.157738 -0.138642 -1.156546 0.000000 0.000000 -1
0 0.001793 0.135049 -1.694686 0.000000 0.000000 -1
0 0.001793 -0.138642 -1.694686 0.000000 0.000000 -1
0 -0.937434 -0.138642 -0.936242 0.000000 0.000000 -1
0 -0.937429 0.135046 -0.936236 0.000000 0.000000 -1
0 -1.373321 0.135046 0.002986 0.000000 0.000000 -1
0 -1.373317 -0.138642 0.002986 0.000000 0.000000 -1
0 0.001793 -0.138642 -1.372124 0.000000 0.000000 -1
0 0.001793 0.135046 -1.372128 0.000000 0.000000 -1
0 0.002986 -0.138642 1.695879 0.000000 0.000000 -1
0 0.002986 0.135049 1.695879 0.000000 0.000000 -1
0 -1.156546 0.135049 1.157738 0.000000 0.000000 -1
0 -1.156546 -0.138642 1.157738 0.000000 0.000000 -1
0 -1.694686 0.135049 -0.001793 0.000000 0.000000 -1
0 -1.694686 -0.138642 -0.001793 0.000000 0.000000 -1
0 -0.936242 -0.138642 0.937434 0.000000 0.000000 -1
0 -0.936236 0.135046 0.937429 0.000000 0.000000 -1
0 0.002986 0.135046 1.373321 0.000000 0.000000 -1
0 0.002986 -0.138642 1.373317 0.000000 0.000000 -1
0 -1.372124 -0.138642 -0.001793 0.000000 0.000000 -1
0 -1.372128 0.135046 -0.001793 0.000000 0.000000 -1
0 1.695879 -0.138642 -0.002986 0.000000 0.000000 -1
0 1.695879 0.135049 -0.002986 0.000000 0.000000 -1
0 1.157738 0.135049 1.156546 0.000000 0.000000 -1
0 1.157738 -0.138642 1.156546 0.000000 0.000000 -1
0 -0.001793 0.135049 1.694686 0.000000 0.000000 -1
0 -0.001793 -0.138642 1.694686 0.000000 0.000000 -1
0 0.937434 -0.138642 0.936242 0.000000 0.000000 -1
0 0.937429 0.135046 0.936236 0.000000 0.000000 -1
0 1.373321 0.135046 -0.002986 0.000000 0.000000 -1
0 1.373317 -0.138642 -0.002986 0.000000 0.000000 -1
0 -0.001793 -0.138642 1.372124 0.000000 0.000000 -1
0 -0.001793 0.135046 1.372128 0.000000 0.000000 -1
11
0.258819 0.000000 -0.965926
0.965926 0.000000 -0.258819
-0.258815 -0.000002 0.965927
-0.258800 0.000001 0.965931
-0.965927 0.000001 0.258815
-0.965931 -0.000002 0.258800
-0.000005 1.000000 0.000018
-0.000005 1.000000 0.000018
-0.000018 1.000000 0.000005
-0.000018 1.000000 0.000005
0.000000 -1.000000 0.000000
64
0 0 1 2 0 0 0 255
0 0 2 3 0 0 0 255
0 3 2 4 1 1 1 255
0 3 4 5 1 1 1 255
0 6 7 8 2 2 2 255
0 6 8 9 3 3 3 255
0 10 11 7 4 4 4 255
0 10 7 6 5 5 5 255
0 7 2 1 6 6 6 255
0 7 1 8 7 7 7 255
0 11 4 2 8 8 8 255
0 11 2 7 9 9 9 255
0 0 3 6 10 10 10 255
0 9 0 6 10 10 10 255
0 3 5 10 10 10 10 255
0 6 3 10 10 10 10 255
0 12 13 14 0 0 0 255
0 12 14 15 0 0 0 255
0 15 14 16 1 1 1 255
0 15 16 17 1 1 1 255
0 18 19 20 2 2 2 255
0 18 20 21 3 3 3 255
0 22 23 19 4 4 4 255
0 22 19 18 5 5 5 255
0 19 14 13 6 6 6 255
0 19 13 20 7 7 7 255
0 23 16 14 8 8 8 255
0 23 14 19 9 9 9 255
0 12 15 18 10 10 10 255
0 21 12 18 10 10 10 255
0 15 17 22 10 10 10 255
0 18 15 22 10 10 10 255
0 24 25 26 0 0 0 255
0 24 26 27 0 0 0 255
0 27 26 28 1 1 1 255
0 27 28 29 1 1 1 255
0 30 31 32 2 2 2 255
0 30 32 33 3 3 3 255
0 34 35 31 4 4 4 255
0 34 31 30 5 5 5 255
0 31 26 25 6 6 6 255
0 31 25 32 7 7 7 255
0 35 28 26 8 8 8 255
0 35 26 31 9 9 9 255
0 24 27 30 10 10 10 255
0 33 24 30 10 10 10 255
0 27 29 34 10 10 10 255
0 30 27 34 10 10 10 255
0 36 37 38 0 0 0 255
0 36 38 39 0 0 0 255
0 39 38 40 1 1 1 255
0 39 40 41 1 1 1 255
0 42 43 44 2 2 2 255
0 42 44 45 3 3 3 255
0 46 47 43 4 4 4 255
0 46 43 42 5 5 5 255
0 43 38 37 6 6 6 255
0 43 37 44 7 7 7 255
0 47 40 38 8 8 8 255
0 47 38 43 9 9 9 255
0 36 39 42 10 10 10 255
0 45 36 42 10 10 10 255
0 39 41 46 10 10 10 255
0 42 39 46 10 10 10 255
"ring1" 0 1
48
0 -0.002986 1.695879 -0.138642 0.000000 0.000000 -1
0 -0.002986 1.695879 0.135049 0.000000 0.000000 -1
0 1.156546 1.157738 0.135049 0.000000 0.000000 -1
0 1.156546 1.157738 -0.138642 0.000000 0.000000 -1
0 1.694686 -0.001793 0.135049 0.000000 0.000000 -1
0 1.694686 -0.001793 -0.138642 0.000000 0.000000 -1
0 0.936242 0.937434 -0.138642 0.000000 0.000000 -1
0 0.936236 0.937429 0.135046 0.000000 0.000000 -1
0 -0.002986 1.373321 0.135046 0.000000 0.000000 -1
0 -0.002986 1.373317 -0.138642 0.000000 0.000000 -1
0 1.372124 -0.001793 -0.138642 0.000000 0.000000 -1
0 1.372128 -0.001793 0.135046 0.000000 0.000000 -1
0 -1.695879 -0.002986 -0.138642 0.000000 0.000000 -1
0 -1.695879 -0.002986 0.135049 0.000000 0.000000 -1
0 -1.157738 1.156546 0.135049 0.000000 0.000000 -1
0 -1.157738 1.156546 -0.138642 0.000000 0.000000 -1
0 0.001793 1.694686 0.135049 0.000000 0.000000 -1
0 0.001793 1.694686 -0.138642 0.000000 0.000000 -1
0 -0.937434 0.936242 -0.138642 0.000000 0.000000 -1
0 -0.937429 0.936236 0.135046 0.000000 0.000000 -1
0 -1.373321 -0.002986 0.135046 0.000000 0.000000 -1
0 -1.373317 -0.002986 -0.138642 0.000000 0.000000 -1
0 0.001793 1.372124 -0.138642 0.000000 0.000000 -1
0 0.001793 1.372128 0.135046 0.000000 0.000000 -1
0 0.002986 -1.695879 -0.138642 0.000000 0.000000 -1
0 0.002986 -1.695879 0.135049 0.000000 0.000000 -1
0 -1.156546 -1.157738 0.135049 0.000000 0.000000 -1
0 -1.156546 -1.157738 -0.138642 0.000000 0.000000 -1
0 -1.694686 0.001793 0.135049 0.000000 0.000000 -1
0 -1.694686 0.001793 -0.138642 0.000000 0.000000 -1
0 -0.936242 -0.937434 -0.138642 0.000000 0.000000 -1
0 -0.936236 -0.937429 0.135046 0.000000 0.000000 -1
0 0.002986 -1.373321 0.135046 0.000000 0.000000 -1
0 0.002986 -1.373317 -0.138642 0.000000 0.000000 -1
0 -1.372124 0.001793 -0.138642 0.000000 0.000000 -1
0 -1.372128 0.001793 0.135046 0.000000 0.000000 -1
0 1.695879 0.002986 -0.138642 0.000000 0.000000 -1
0 1.695879 0.002986 0.135049 0.000000 0.000000 -1
0 1.157738 -1.156546 0.135049 0.000000 0.000000 -1
0 1.157738 -1.156546 -0.138642 0.000000 0.000000 -1
0 -0.001793 -1.694686 0.135049 0.000000 0.000000 -1
0 -0.001793 -1.694686 -0.138642 0.000000 0.000000 -1
0 0.937434 -0.936242 -0.138642 0.000000 0.000000 -1
0 0.937429 -0.936236 0.135046 0.000000 0.000000 -1
0 1.373321 0.002986 0.135046 0.000000 0.000000 -1
0 1.373317 0.002986 -0.138642 0.000000 0.000000 -1
0 -0.001793 -1.372124 -0.138642 0.000000 0.000000 -1
0 -0.001793 -1.372128 0.135046 0.000000 0.000000 -1
11
0.258819 0.000000 -0.965926
0.965926 0.000000 -0.258819
-0.258815 -0.000002 0.965927
-0.258800 0.000001 0.965931
-0.965927 0.000001 0.258815
-0.965931 -0.000002 0.258800
-0.000005 1.000000 0.000018
-0.000005 1.000000 0.000018
-0.000018 1.000000 0.000005
-0.000018 1.000000 0.000005
0.000000 -1.000000 0.000000
64
0 0 1 2 0 0 0 255
0 0 2 3 0 0 0 255
0 3 2 4 1 1 1 255
0 3 4 5 1 1 1 255
0 6 7 8 2 2 2 255
0 6 8 9 3 3 3 255
0 10 11 7 4 4 4 255
0 10 7 6 5 5 5 255
0 7 2 1 6 6 6 255
0 7 1 8 7 7 7 255
0 11 4 2 8 8 8 255
0 11 2 7 9 9 9 255
0 0 3 6 10 10 10 255
0 9 0 6 10 10 10 255
0 3 5 10 10 10 10 255
0 6 3 10 10 10 10 255
0 12 13 14 0 0 0 255
0 12 14 15 0 0 0 255
0 15 14 16 1 1 1 255
0 15 16 17 1 1 1 255
0 18 19 20 2 2 2 255
0 18 20 21 3 3 3 255
0 22 23 19 4 4 4 255
0 22 19 18 5 5 5 255
0 19 14 13 6 6 6 255
0 19 13 20 7 7 7 255
0 23 16 14 8 8 8 255
0 23 14 19 9 9 9 255
0 12 15 18 10 10 10 255
0 21 12 18 10 10 10 255
0 15 17 22 10 10 10 255
0 18 15 22 10 10 10 255
0 24 25 26 0 0 0 255
0 24 26 27 0 0 0 255
0 27 26 28 1 1 1 255
0 27 28 29 1 1 1 255
0 30 31 32 2 2 2 255
0 30 32 33 3 3 3 255
0 34 35 31 4 4 4 255
0 34 31 30 5 5 5 255
0 31 26 25 6 6 6 255
0 31 25 32 7 7 7 255
0 35 28 26 8 8 8 255
0 35 26 31 9 9 9 255
0 24 27 30 10 10 10 255
0 33 24 30 10 10 10 255
0 27 29 34 10 10 10 255
0 30 27 34 10 10 10 255
0 36 37 38 0 0 0 255
0 36 38 39 0 0 0 255
0 39 38 40 1 1 1 255
0 39 40 41 1 1 1 255
0 42 43 44 2 2 2 255
0 42 44 45 3 3 3 255
0 46 47 43 4 4 4 255
0 46 43 42 5 5 5 255
0 43 38 37 6 6 6 255
0 43 37 44 7 7 7 255
0 47 40 38 8 8 8 255
0 47 38 43 9 9 9 255
0 36 39 42 10 10 10 255
0 45 36 42 10 10 10 255
0 39 41 46 10 10 10 255
0 42 39 46 10 10 10 255
"ring2" 0 1
48
0 -0.138642 1.695879 0.002986 0.000000 0.000000 -1
0 0.135049 1.695879 0.002986 0.000000 0.000000 -1
0 0.135049 1.157738 -1.156546 0.000000 0.000000 -1
0 -0.138642 1.157738 -1.156546 0.000000 0.000000 -1
0 0.135049 -0.001793 -1.694686 0.000000 0.000000 -1
0 -0.138642 -0.001793 -1.694686 0.000000 0.000000 -1
0 -0.138642 0.937434 -0.936242 0.000000 0.000000 -1
0 0.135046 0.937429 -0.936236 0.000000 0.000000 -1
0 0.135046 1.373321 0.002986 0.000000 0.000000 -1
0 -0.138642 1.373317 0.002986 0.000000 0.000000 -1
0 -0.138642 -0.001793 -1.372124 0.000000 0.000000 -1
0 0.135046 -0.001793 -1.372128 0.000000 0.000000 -1
0 -0.138642 -0.002986 1.695879 0.000000 0.000000 -1
0 0.135049 -0.002986 1.695879 0.000000 0.000000 -1
0 0.135049 1.156546 1.157738 0.000000 0.000000 -1
0 -0.138642 1.156546 1.157738 0.000000 0.000000 -1
0 0.135049 1.694686 -0.001793 0.000000 0.000000 -1
0 -0.138642 1.694686 -0.001793 0.000000 0.000000 -1
0 -0.138642 0.936242 0.937434 0.000000 0.000000 -1
0 0.135046 0.936236 0.937429 0.000000 0.000000 -1
0 0.135046 -0.002986 1.373321 0.000000 0.000000 -1
0 -0.138642 -0.002986 1.373317 0.000000 0.000000 -1
0 -0.138642 1.372124 -0.001793 0.000000 0.000000 -1
0 0.135046 1.372128 -0.001793 0.000000 0.000000 -1
0 -0.138642 -1.695879 -0.002986 0.000000 0.000000 -1
0 0.135049 -1.695879 -0.002986 0.000000 0.000000 -1
0 0.135049 -1.157738 1.156546 0.000000 0.000000 -1
0 -0.138642 -1.157738 1.156546 0.000000 0.000000 -1
0 0.135049 0.001793 1.694686 0.000000 0.000000 -1
0 -0.138642 0.001793 1.694686 0.000000 0.000000 -1
0 -0.138642 -0.937434 0.936242 0.000000 0.000000 -1
0 0.135046 -0.937429 0.936236 0.000000 0.000000 -1
0 0.135046 -1.373321 -0.002986 0.000000 0.000000 -1
0 -0.138642 -1.373317 -0.002986 0.000000 0.000000 -1
0 -0.138642 0.001793 1.372124 0.000000 0.000000 -1
0 0.135046 0.001793 1.372128 0.000000 0.000000 -1
0 -0.138642 0.002986 -1.695879 0.000000 0.000000 -1
0 0.135049 0.002986 -1.695879 0.000000 0.000000 -1
0 0.135049 -1.156546 -1.157738 0.000000 0.000000 -1
0 -0.138642 -1.156546 -1.157738 0.000000 0.000000 -1
0 0.135049 -1.694686 0.001793 0.000000 0.000000 -1
0 -0.138642 -1.694686 0.001793 0.000000 0.000000 -1
0 -0.138642 -0.936242 -0.937434 0.000000 0.000000 -1
0 0.135046 -0.936236 -0.937429 0.000000 0.000000 -1
0 0.135046 0.002986 -1.373321 0.000000 0.000000 -1
0 -0.138642 0.002986 -1.373317 0.000000 0.000000 -1
0 -0.138642 -1.372124 0.001793 0.000000 0.000000 -1
0 0.135046 -1.372128 0.001793 0.000000 0.000000 -1
11
0.258819 0.000000 -0.965926
0.965926 0.000000 -0.258819
-0.258815 -0.000002 0.965927
-0.258800 0.000001 0.965931
-0.965927 0.000001 0.258815
-0.965931 -0.000002 0.258800
-0.000005 1.000000 0.000018
-0.000005 1.000000 0.000018
-0.000018 1.000000 0.000005
-0.000018 1.000000 0.000005
0.000000 -1.000000 0.000000
64
0 0 1 2 0 0 0 255
0 0 2 3 0 0 0 255
0 3 2 4 1 1 1 255
0 3 4 5 1 1 1 255
0 6 7 8 2 2 2 255
0 6 8 9 3 3 3 255
0 10 11 7 4 4 4 255
0 10 7 6 5 5 5 255
0 7 2 1 6 6 6 255
0 7 1 8 7 7 7 255
0 11 4 2 8 8 8 255
0 11 2 7 9 9 9 255
0 0 3 6 10 10 10 255
0 9 0 6 10 10 10 255
0 3 5 10 10 10 10 255
0 6 3 10 10 10 10 255
0 12 13 14 0 0 0 255
0 12 14 15 0 0 0 255
0 15 14 16 1 1 1 255
0 15 16 17 1 1 1 255
0 18 19 20 2 2 2 255
0 18 20 21 3 3 3 255
0 22 23 19 4 4 4 255
0 22 19 18 5 5 5 255
0 19 14 13 6 6 6 255
0 19 13 20 7 7 7 255
0 23 16 14 8 8 8 255
0 23 14 19 9 9 9 255
0 12 15 18 10 10 10 255
0 21 12 18 10 10 10 255
0 15 17 22 10 10 10 255
0 18 15 22 10 10 10 255
0 24 25 26 0 0 0 255
0 24 26 27 0 0 0 255
0 27 26 28 1 1 1 255
0 27 28 29 1 1 1 255
0 30 31 32 2 2 2 255
0 30 32 33 3 3 3 255
0 34 35 31 4 4 4 255
0 34 31 30 5 5 5 255
0 31 26 25 6 6 6 255
0 31 25 32 7 7 7 255
0 35 28 26 8 8 8 255
0 35 26 31 9 9 9 255
0 24 27 30 10 10 10 255
0 33 24 30 10 10 10 255
0 27 29 34 10 10 10 255
0 30 27 34 10 10 10 255
0 36 37 38 0 0 0 255
0 36 38 39 0 0 0 255
0 39 38 40 1 1 1 255
0 39 40 41 1 1 1 255
0 42 43 44 2 2 2 255
0 42 44 45 3 3 3 255
0 46 47 43 4 4 4 255
0 46 43 42 5 5 5 255
0 43 38 37 6 6 6 255
0 43 37 44 7 7 7 255
0 47 40 38 8 8 8 255
0 47 38 43 9 9 9 255
0 36 39 42 10 10 10 255
0 45 36 42 10 10 10 255
0 39 41 46 10 10 10 255
0 42 39 46 10 10 10 255

Materials: 2
"metal"
0.749020 0.749020 0.749020 1.000000
0.576471 0.623529 0.658824 1.000000
0.678431 0.678431 0.678431 1.000000
0.000000 0.000000 0.000000 1.000000
99.000000
1.000000
""
""
"Material02"
0.517647 0.372549 0.243137 1.000000
0.658824 0.529412 0.258824 1.000000
0.000000 0.000000 0.000000 1.000000
0.000000 0.000000 0.000000 1.000000
0.000000
1.000000
""
""

Bones: 0
