// MilkShape 3D ASCII

Frames: 30
Frame: 1

Meshes: 1
"Box05" 0 0
20
0 -2.303644 0.476690 1.964196 0.000000 0.000000 -1
0 -2.303644 -0.446387 1.964196 0.000000 1.000000 -1
1 2.290486 0.476690 1.964196 1.000000 0.000000 -1
0 2.290486 -0.446387 1.964196 1.000000 1.000000 -1
1 2.290486 0.476690 1.964196 0.000000 0.000000 -1
0 2.290486 -0.446387 1.964196 0.000000 1.000000 -1
1 1.461539 0.476690 -2.000091 1.000000 0.000000 -1
0 1.461539 -0.446387 -2.000091 1.000000 1.000000 -1
1 1.461539 0.476690 -2.000091 0.000000 0.000000 -1
0 1.461539 -0.446387 -2.000091 0.000000 1.000000 -1
0 -1.461539 0.476690 -2.000091 1.000000 0.000000 -1
0 -1.461539 -0.446387 -2.000091 1.000000 1.000000 -1
0 -1.461539 0.476690 -2.000091 0.000000 0.000000 -1
0 -1.461539 -0.446387 -2.000091 0.000000 1.000000 -1
0 -2.303644 0.476690 1.964196 1.000000 0.000000 -1
0 -2.303644 -0.446387 1.964196 1.000000 1.000000 -1
0 -2.303644 0.476690 1.964196 0.000000 1.000000 -1
1 2.290486 0.476690 1.964196 1.000000 1.000000 -1
0 -2.303644 -0.446387 1.964196 0.000000 0.000000 -1
0 2.290486 -0.446387 1.964196 1.000000 0.000000 -1
6
0.000000 0.000000 1.000000
0.978830 0.000000 -0.204677
0.000000 0.000000 -1.000000
-0.978174 0.000000 -0.207787
0.000000 1.000000 0.000000
0.000000 -1.000000 0.000000
12
0 0 1 2 0 0 0 1
0 1 3 2 0 0 0 1
0 4 5 6 1 1 1 2
0 5 7 6 1 1 1 2
0 8 9 10 2 2 2 1
0 9 11 10 2 2 2 1
0 12 13 14 3 3 3 2
0 13 15 14 3 3 3 2
0 12 16 6 4 4 4 3
0 16 17 6 4 4 4 3
0 18 13 19 5 5 5 3
0 13 7 19 5 5 5 3

Materials: 1
"step colour"
0.854902 0.180392 0.196078 0.430000
0.854902 0.180392 0.196078 0.430000
0.000000 0.000000 0.000000 0.430000
0.000000 0.000000 0.000000 0.430000
0.000000
0.430000
""
""

Bones: 0
