// MilkShape 3D ASCII

Frames: 30
Frame: 1

Meshes: 4
"Duplicate02" 0 0
16
0 -1.477729 -1.523180 0.470588 0.000000 0.000000 -1
0 -1.477729 -1.523180 -0.470588 0.000000 1.000000 -1
0 -0.981653 -1.523180 0.470588 1.000000 0.000000 -1
0 -0.981653 -1.523180 -0.470588 1.000000 1.000000 -1
0 0.982004 1.506235 0.470581 0.000000 0.000000 -1
0 -0.981653 1.506231 0.470588 0.000000 0.000000 -1
0 -0.981653 0.979477 0.470588 0.000000 0.000000 -1
0 0.982004 0.979502 0.470581 0.000000 0.000000 -1
0 0.982004 1.506235 -0.470067 0.000000 0.000000 -1
0 -0.981653 1.506231 -0.470067 0.000000 0.000000 -1
0 -0.981653 0.979477 -0.470067 0.000000 0.000000 -1
0 0.982004 0.979502 -0.470067 0.000000 0.000000 -1
0 0.982004 0.979502 -0.470581 0.000000 0.000000 -1
0 -0.981653 0.979477 -0.470588 0.000000 0.000000 -1
0 -0.981653 1.506231 -0.470588 0.000000 0.000000 -1
0 0.982004 1.506235 -0.470581 0.000000 0.000000 -1
9
0.000000 -1.000000 0.000000
0.000002 0.447214 0.894427
-0.000000 0.894427 0.447214
0.000009 -0.447214 0.894427
0.000013 -0.894427 0.447214
-0.000002 1.000000 0.000000
0.000013 -1.000000 0.000000
0.000004 0.000000 -1.000000
0.000004 0.000000 -1.000000
10
0 0 1 2 0 0 0 3
0 1 3 2 0 0 0 3
0 4 5 6 1 2 3 3
0 4 6 7 1 3 4 3
0 8 9 5 5 5 2 3
0 8 5 4 5 2 1 3
0 7 6 10 4 3 6 3
0 7 10 11 4 6 6 3
0 12 13 14 7 7 7 3
0 12 14 15 7 7 8 3
"Duplicate03" 0 0
21
0 0.982764 1.506231 0.470588 1.000000 0.000000 -1
0 1.478839 -1.523180 0.470588 0.000000 1.000000 -1
0 1.478839 1.506231 0.470588 0.000000 0.000000 -1
0 0.982764 -1.523180 0.470588 1.000000 1.000000 -1
0 1.478839 1.506231 -0.470588 1.000000 0.000000 -1
0 0.982764 -1.523180 -0.470588 0.000000 1.000000 -1
0 0.982764 1.506231 -0.470588 0.000000 0.000000 -1
0 1.478839 -1.523180 -0.470588 1.000000 1.000000 -1
0 1.478839 1.506231 0.470588 1.000000 0.000000 -1
0 1.478839 -1.523180 -0.470588 0.000000 1.000000 -1
0 1.478839 1.506231 -0.470588 0.000000 0.000000 -1
0 1.478839 -1.523180 0.470588 1.000000 1.000000 -1
0 0.982764 1.506231 -0.470588 1.000000 0.000000 -1
0 1.478839 1.506231 0.470588 0.000000 1.000000 -1
0 0.982764 1.506231 0.470588 1.000000 1.000000 -1
0 0.982764 -1.523180 0.470588 1.000000 0.000000 -1
0 1.478839 -1.523180 0.470588 0.000000 0.000000 -1
0 0.982764 -1.523180 -0.470588 1.000000 1.000000 -1
0 0.982764 -1.523180 0.469136 0.500000 1.000000 -1
0 0.982764 1.504169 -0.470588 1.000000 0.500000 -1
0 0.982764 1.504169 0.469136 0.500000 0.500000 -1
6
0.000000 0.000000 1.000000
0.000000 0.000000 -1.000000
1.000000 0.000000 0.000000
0.000000 1.000000 0.000000
0.000000 -1.000000 0.000000
-1.000000 0.000000 0.000000
12
0 0 1 2 0 0 0 1
0 0 3 1 0 0 0 1
0 4 5 6 1 1 1 1
0 4 7 5 1 1 1 1
0 8 9 10 2 2 2 2
0 8 11 9 2 2 2 2
0 12 13 10 3 3 3 3
0 12 14 13 3 3 3 3
0 15 9 16 4 4 4 3
0 15 17 9 4 4 4 3
0 18 19 17 5 5 5 2
0 20 19 18 5 5 5 2
"Duplicate03" 0 1
4
0 -1.477727 -1.523205 -0.470588 0.000000 0.000000 -1
0 -1.477727 -1.523205 0.470588 0.000000 1.000000 -1
0 1.479076 -1.523205 -0.470588 1.000000 0.000000 -1
0 1.479076 -1.523205 0.470588 1.000000 1.000000 -1
1
0.000000 1.000000 0.000000
2
0 0 1 2 0 0 0 3
0 1 3 2 0 0 0 3
"Duplicate01" 1 0
21
1 -1.478839 1.506231 0.470588 0.000000 0.000000 -1
1 -1.478839 -1.523180 0.470588 0.000000 1.000000 -1
1 -0.982764 1.506231 0.470588 1.000000 0.000000 -1
1 -0.982764 -1.523180 0.470588 1.000000 1.000000 -1
1 -0.982764 1.506231 -0.470588 0.000000 0.000000 -1
1 -0.982764 -1.523180 -0.470588 0.000000 1.000000 -1
1 -1.478839 1.506231 -0.470588 1.000000 0.000000 -1
1 -1.478839 -1.523180 -0.470588 1.000000 1.000000 -1
1 -1.478839 1.506231 -0.470588 0.000000 0.000000 -1
1 -1.478839 -1.523180 -0.470588 0.000000 1.000000 -1
1 -1.478839 1.506231 0.470588 1.000000 0.000000 -1
1 -1.478839 -1.523180 0.470588 1.000000 1.000000 -1
1 -1.478839 1.506231 0.470588 0.000000 1.000000 -1
1 -0.982764 1.506231 -0.470588 1.000000 0.000000 -1
1 -0.982764 1.506231 0.470588 1.000000 1.000000 -1
1 -1.478839 -1.523180 0.470588 0.000000 0.000000 -1
1 -0.982764 -1.523180 0.470588 1.000000 0.000000 -1
1 -0.982764 -1.523180 -0.470588 1.000000 1.000000 -1
1 -0.982764 1.504169 -0.470588 1.000000 0.500000 -1
1 -0.982764 -1.523180 0.469136 0.500000 1.000000 -1
1 -0.982764 1.504169 0.469136 0.500000 0.500000 -1
6
0.000000 0.000000 1.000000
0.000000 0.000000 -1.000000
-1.000000 0.000000 0.000000
0.000000 1.000000 0.000000
0.000000 -1.000000 0.000000
1.000000 0.000000 0.000000
12
1 0 1 2 0 0 0 1
1 1 3 2 0 0 0 1
1 4 5 6 1 1 1 1
1 5 7 6 1 1 1 1
1 8 9 10 2 2 2 2
1 9 11 10 2 2 2 2
1 8 12 13 3 3 3 3
1 12 14 13 3 3 3 3
1 15 9 16 4 4 4 3
1 9 17 16 4 4 4 3
1 17 18 19 5 5 5 2
1 19 18 20 5 5 5 2

Materials: 2
"tower"
0.819608 0.623529 0.360784 1.000000
0.803922 0.623529 0.360784 1.000000
0.000000 0.000000 0.000000 1.000000
0.000000 0.000000 0.000000 1.000000
0.000000
1.000000
""
""
"door frame"
0.200000 0.200000 0.200000 1.000000
0.890196 0.811765 0.250980 1.000000
0.000000 0.000000 0.000000 1.000000
0.000000 0.000000 0.000000 1.000000
0.000000
1.000000
""
""

Bones: 0
