// MilkShape 3D ASCII

Frames: 30
Frame: 1

Meshes: 1
"Regroup01" 0 0
35
0 1.692239 -0.440476 -0.000999 0.000000 0.000000 -1
0 1.526941 -0.440476 1.108389 0.000000 0.000000 -1
0 0.000000 -0.440476 -0.000999 0.000000 0.000000 -1
0 1.692239 0.481034 -0.000999 0.000000 0.000000 -1
0 0.000000 0.481034 -0.000999 0.000000 0.000000 -1
0 1.526941 0.481034 1.108389 0.000000 0.000000 -1
0 1.692239 -0.440476 -0.000999 0.000000 1.000000 -1
0 1.526941 -0.440476 1.108389 0.100000 1.000000 -1
0 1.526941 0.481034 1.108389 0.100000 0.000000 -1
0 0.583240 -0.440476 1.794029 0.000000 0.000000 -1
0 0.583240 0.481034 1.794029 0.000000 0.000000 -1
0 0.583240 0.481034 1.794029 0.200000 0.000000 -1
0 0.583240 -0.440476 1.794029 0.200000 1.000000 -1
0 -0.583240 -0.440476 1.794029 0.000000 0.000000 -1
0 -0.583240 0.481034 1.794029 0.000000 0.000000 -1
0 -0.583240 -0.440476 1.794029 0.300000 1.000000 -1
0 -0.583240 0.481034 1.794029 0.300000 0.000000 -1
0 -1.526942 -0.440476 1.108389 0.000000 0.000000 -1
0 -1.526942 0.481034 1.108389 0.000000 0.000000 -1
0 -1.526942 0.481034 1.108389 0.400000 0.000000 -1
0 -1.526942 -0.440476 1.108389 0.400000 1.000000 -1
1 -1.695694 -0.440476 -0.000999 0.000000 0.000000 -1
1 -1.695694 0.481034 -0.000999 0.000000 0.000000 -1
1 -1.695694 -0.440476 -0.000999 0.500000 1.000000 -1
1 -1.695694 0.481034 -0.000999 0.500000 0.000000 -1
0 -1.497239 0.481034 -2.001476 0.600000 0.000000 -1
0 -1.497239 -0.440476 -2.001476 0.600000 1.000000 -1
0 1.497239 -0.440476 -2.001476 0.900000 1.000000 -1
0 1.497239 0.481034 -2.001476 0.900000 0.000000 -1
0 1.692239 0.481034 -0.000999 1.000000 0.000000 -1
0 1.692239 -0.440476 -0.000999 1.000000 1.000000 -1
0 -1.497239 0.481034 -2.001476 0.000000 0.000000 -1
0 1.497239 0.481034 -2.001476 0.000000 0.000000 -1
0 -1.497239 -0.440476 -2.001476 0.000000 0.000000 -1
0 1.497239 -0.440476 -2.001476 0.000000 0.000000 -1
15
0.000000 -1.000000 0.000000
0.000000 1.000000 0.000000
0.704214 -0.709763 0.017870
0.892786 0.449911 0.022655
0.855027 0.000000 0.518584
0.855027 0.000000 0.518584
0.309017 0.000000 0.951056
-0.309017 0.000000 0.951056
-0.854236 0.000000 0.519885
-0.969364 -0.244327 0.025246
-0.892717 0.450017 0.023250
-0.556509 0.559241 -0.614449
-0.399730 -0.803385 -0.441348
0.636638 -0.319828 -0.701713
0.556899 0.559539 -0.613824
30
0 0 1 2 0 0 0 2
0 3 4 5 1 1 1 2
0 6 3 7 2 3 4 1
0 3 8 7 3 5 4 1
0 1 9 2 0 0 0 2
0 5 4 10 1 1 1 2
0 7 8 11 4 5 6 1
0 7 11 12 4 6 6 1
0 9 13 2 0 0 0 2
0 10 4 14 1 1 1 2
0 12 11 15 6 6 7 1
0 11 16 15 6 7 7 1
0 13 17 2 0 0 0 2
0 14 4 18 1 1 1 2
0 15 16 19 7 7 8 1
0 15 19 20 7 8 8 1
0 17 21 2 0 0 0 2
0 18 4 22 1 1 1 2
0 20 19 23 8 8 9 1
0 19 24 23 8 10 9 1
0 23 24 25 9 10 11 1
0 23 25 26 9 11 12 1
0 27 28 29 13 14 3 1
0 27 29 30 13 3 2 1
0 31 22 3 11 10 3 1
0 3 32 31 3 14 11 1
0 21 33 0 9 12 2 1
0 0 33 34 2 12 13 1
0 31 32 34 11 14 13 1
0 34 33 31 13 12 11 1

Materials: 1
"step colour"
0.933333 0.101961 0.705882 1.000000
0.933333 0.101961 0.705882 1.000000
0.000000 0.000000 0.000000 1.000000
0.000000 0.000000 0.000000 1.000000
0.000000
1.000000
""
""

Bones: 0
