// MilkShape 3D ASCII

Frames: 40
Frame: 1

Meshes: 2
"Regroup01" 0 0
82
0 1.693769 -0.479539 -0.000999 0.000000 1.000000 -1
0 1.693769 0.500565 -0.000999 0.000000 0.000000 -1
0 1.526941 -0.479539 1.108389 0.100000 1.000000 -1
0 1.526941 0.500565 1.108389 0.100000 0.000000 -1
0 0.583240 0.500565 1.794029 0.200000 0.000000 -1
0 0.583240 -0.479539 1.794029 0.200000 1.000000 -1
0 -0.583240 -0.479539 1.794029 0.300000 1.000000 -1
0 -0.583240 0.500565 1.794029 0.300000 0.000000 -1
0 -1.526942 0.500565 1.108389 0.400000 0.000000 -1
0 -1.526942 -0.479539 1.108389 0.400000 1.000000 -1
0 -1.695431 -0.479539 -0.000999 0.500000 1.000000 -1
0 -1.695431 0.500565 -0.000999 0.500000 0.000000 -1
0 -1.500736 0.500565 -2.000115 0.600000 0.000000 -1
0 -1.500736 -0.479539 -2.000115 0.600000 1.000000 -1
0 -0.583240 -0.479539 -1.999515 0.700000 1.000000 -1
0 -0.583240 0.500565 -1.999515 0.700000 0.000000 -1
0 0.583240 0.500565 -1.999920 0.800000 0.000000 -1
0 0.583240 -0.479539 -1.999920 0.800000 1.000000 -1
0 1.499164 -0.479539 -2.000115 0.900000 1.000000 -1
0 1.499164 0.500565 -2.000115 0.900000 0.000000 -1
0 1.693769 0.500565 -0.000999 1.000000 0.000000 -1
0 1.693769 -0.479539 -0.000999 1.000000 1.000000 -1
0 1.230699 -0.485508 0.889151 0.100000 1.000000 -1
0 1.325968 0.500264 0.000000 0.000000 0.000000 -1
0 1.325968 -0.485508 0.000000 0.000000 1.000000 -1
0 1.230699 0.500264 0.889151 0.100000 0.000000 -1
0 0.474342 0.500264 1.438677 0.200000 0.000000 -1
0 0.474342 -0.485508 1.438677 0.200000 1.000000 -1
0 -0.460569 -0.485508 1.438677 0.300000 1.000000 -1
0 -0.460569 0.500264 1.438677 0.300000 0.000000 -1
0 -1.216925 0.500264 0.889151 0.400000 0.000000 -1
0 -1.216925 -0.485508 0.889151 0.400000 1.000000 -1
0 -1.313857 -0.485508 0.000000 0.500000 1.000000 -1
0 -1.313857 0.500264 0.000000 0.500000 0.000000 -1
0 -1.216925 0.500264 -0.889151 0.600000 0.000000 -1
0 -1.216925 -0.485508 -0.889151 0.600000 1.000000 -1
0 -0.460569 -0.485508 -1.438677 0.700000 1.000000 -1
0 -0.460569 0.500264 -1.438677 0.700000 0.000000 -1
0 0.474342 0.500264 -1.438677 0.800000 0.000000 -1
0 0.474342 -0.485508 -1.438677 0.800000 1.000000 -1
1 1.230699 -0.485508 -0.889151 0.900000 1.000000 -1
0 1.230699 0.500264 -0.889151 0.900000 0.000000 -1
1 1.325968 0.500264 0.000000 1.000000 0.000000 -1
1 1.325968 -0.485508 0.000000 1.000000 1.000000 -1
0 -0.583240 0.500565 -1.999515 0.000000 0.000000 -1
0 -0.460569 0.500264 -1.438677 0.000000 0.000000 -1
0 0.583240 0.500565 -1.999920 0.000000 0.000000 -1
0 0.474342 0.500264 -1.438677 0.000000 0.000000 -1
0 1.499164 0.500565 -2.000115 0.000000 0.000000 -1
0 1.230699 0.500264 -0.889151 0.000000 0.000000 -1
0 1.526941 0.500565 1.108389 0.000000 0.000000 -1
0 1.230699 0.500264 0.889151 0.000000 0.000000 -1
0 0.583240 0.500565 1.794029 0.000000 0.000000 -1
0 0.474342 0.500264 1.438677 0.000000 0.000000 -1
0 -0.583240 0.500565 1.794029 0.000000 0.000000 -1
0 -0.460569 0.500264 1.438677 0.000000 0.000000 -1
0 -1.526942 0.500565 1.108389 0.000000 0.000000 -1
0 -1.216925 0.500264 0.889151 0.000000 0.000000 -1
0 -1.695431 0.500565 -0.000999 0.000000 0.000000 -1
0 -1.313857 0.500264 0.000000 0.000000 0.000000 -1
0 -1.500736 0.500565 -2.000115 0.000000 0.000000 -1
0 -1.216925 0.500264 -0.889151 0.000000 0.000000 -1
0 0.583240 -0.479539 1.794029 0.000000 0.000000 -1
0 -0.583240 -0.479539 1.794029 0.000000 0.000000 -1
0 -0.460569 -0.485508 1.438677 0.000000 0.000000 -1
0 0.474342 -0.485508 1.438677 0.000000 0.000000 -1
0 1.230699 -0.485508 0.889151 0.000000 0.000000 -1
0 1.526941 -0.479539 1.108389 0.000000 0.000000 -1
0 1.325968 -0.485508 0.000000 0.000000 0.000000 -1
0 1.693769 -0.479539 -0.000999 0.000000 0.000000 -1
0 1.230699 -0.485508 -0.889151 0.000000 0.000000 -1
0 1.499164 -0.479539 -2.000115 0.000000 0.000000 -1
0 0.474342 -0.485508 -1.438677 0.000000 0.000000 -1
0 0.583240 -0.479539 -1.999920 0.000000 0.000000 -1
0 -0.460569 -0.485508 -1.438677 0.000000 0.000000 -1
0 -0.583240 -0.479539 -1.999515 0.000000 0.000000 -1
0 -1.216925 -0.485508 -0.889151 0.000000 0.000000 -1
0 -1.500736 -0.479539 -2.000115 0.000000 0.000000 -1
0 -1.313857 -0.485508 0.000000 0.000000 0.000000 -1
0 -1.695431 -0.479539 -0.000999 0.000000 0.000000 -1
0 -1.216925 -0.485508 0.889151 0.000000 0.000000 -1
0 -1.526942 -0.479539 1.108389 0.000000 0.000000 -1
67
0.988881 0.000000 0.148706
0.548059 0.832358 0.082530
0.854677 0.000000 0.519161
0.309017 0.000000 0.951056
0.309017 0.000000 0.951056
-0.309017 0.000000 0.951056
-0.854296 0.000000 0.519786
-0.854296 0.000000 0.519786
-0.999640 0.000000 0.026817
-0.671721 0.000000 -0.740805
0.000154 0.000000 -1.000000
0.000154 0.000000 -1.000000
-0.000280 0.000000 -1.000000
0.671900 0.000000 -0.740642
0.995295 0.000000 -0.096888
-0.865520 0.000000 -0.500874
-0.552041 0.831720 -0.059110
-0.994309 0.000000 -0.106536
-0.865520 0.000000 -0.500874
-0.309017 0.000000 -0.951056
0.309017 0.000000 -0.951056
0.865057 0.000000 -0.501673
0.865057 0.000000 -0.501673
1.000000 0.000000 0.000000
0.865057 0.000000 0.501673
0.309017 0.000000 0.951056
-0.865520 0.000000 0.500874
-0.865520 0.000000 0.500874
-0.994309 0.000000 0.106536
0.000112 1.000000 0.000424
0.000112 1.000000 0.000513
0.000000 1.000000 0.000538
-0.000056 1.000000 0.000435
-0.000323 1.000000 0.000282
-0.000596 1.000000 0.000132
-0.000756 1.000000 -0.000306
-0.000651 1.000000 -0.000496
-0.000336 1.000000 -0.000746
-0.000168 1.000000 -0.000797
0.000164 1.000000 -0.000792
0.000329 1.000000 -0.000735
0.000621 1.000000 -0.000497
0.000721 1.000000 -0.000299
0.000820 1.000000 -0.000048
0.000775 1.000000 0.000024
0.000512 1.000000 0.000143
0.000361 1.000000 0.000272
0.004991 -0.999871 0.015268
-0.004879 -0.999874 0.015114
-0.004879 -0.999874 0.015114
0.004991 -0.999871 0.015268
0.012877 -0.999869 0.009826
0.014962 -0.999870 0.006060
0.017043 -0.999854 0.000901
0.016103 -0.999870 -0.000280
0.011799 -0.999927 -0.002617
0.006390 -0.999964 -0.005584
0.001106 -0.999962 -0.008615
-0.000002 -0.999943 -0.010639
-0.002226 -0.999946 -0.010155
-0.002224 -0.999962 -0.008401
-0.007137 -0.999960 -0.005389
-0.010126 -0.999945 -0.002835
-0.015343 -0.999882 -0.000475
-0.016225 -0.999868 0.000941
-0.014264 -0.999881 0.005925
-0.012300 -0.999876 0.009833
80
0 0 1 2 0 1 2 1
0 1 3 2 1 2 2 1
0 2 4 5 2 3 4 1
0 5 4 6 4 3 5 1
0 4 7 6 3 5 5 1
0 6 7 8 5 5 6 1
0 6 8 9 5 6 7 1
0 9 8 10 7 6 8 1
0 8 11 10 6 8 8 1
0 10 11 12 8 8 9 1
0 10 12 13 8 9 9 1
0 13 12 14 9 9 10 1
0 12 15 14 9 11 10 1
0 14 15 16 10 11 12 1
0 14 16 17 10 12 12 1
0 17 16 18 12 12 13 1
0 18 19 20 13 13 14 1
0 18 20 21 13 14 14 1
0 22 23 24 15 16 17 1
0 22 25 23 15 18 16 1
0 26 25 22 19 18 15 1
0 27 26 22 19 19 15 1
0 28 26 27 20 19 19 1
0 28 29 26 20 20 19 1
0 30 29 28 21 20 20 1
0 31 30 28 22 21 20 1
0 32 30 31 23 21 22 1
0 32 33 30 23 23 21 1
0 34 33 32 24 23 23 1
0 35 34 32 24 24 23 1
0 36 37 34 25 25 24 1
0 38 37 36 5 25 25 1
0 39 38 36 5 5 25 1
0 40 41 38 26 27 5 1
0 42 41 40 28 27 26 1
1 43 42 40 28 28 26 1
0 44 45 46 29 30 31 1
0 46 45 47 31 30 32 1
0 48 46 47 33 31 32 1
0 48 47 49 33 32 34 1
0 1 48 49 1 33 34 1
0 1 49 23 1 34 16 1
0 50 1 23 35 1 16 1
0 50 23 51 35 16 36 1
0 52 50 51 37 35 36 1
0 52 51 53 37 36 38 1
0 54 52 53 39 37 38 1
0 54 53 55 39 38 40 1
0 56 54 55 41 39 40 1
0 56 55 57 41 40 42 1
0 58 56 57 43 41 42 1
0 58 57 59 43 42 44 1
0 60 58 59 45 43 44 1
0 59 61 60 44 46 45 1
0 44 60 61 29 45 46 1
0 61 45 44 46 30 29 1
0 62 63 64 47 48 49 1
0 64 65 62 49 50 47 1
0 66 62 65 51 47 50 1
0 62 66 67 47 51 52 1
0 68 67 66 53 52 51 1
0 67 68 69 52 53 54 1
0 70 69 68 55 54 53 1
0 69 70 71 54 55 56 1
0 72 71 70 57 56 55 1
0 71 72 73 56 57 58 1
0 74 73 72 59 58 57 1
0 73 74 75 58 59 60 1
0 76 75 74 61 60 59 1
0 75 76 77 60 61 62 1
0 77 78 79 62 63 64 1
0 78 77 76 63 62 61 1
0 79 80 81 64 65 66 1
0 80 79 78 65 64 63 1
0 81 64 63 66 49 48 1
0 64 81 80 49 66 65 1
0 38 39 40 5 5 26 1
0 34 35 36 24 24 25 1
0 19 18 16 13 13 12 1
0 2 3 4 2 2 3 1
"Regroup01" 0 1
10
0 -0.460569 0.500264 -1.438677 0.000000 0.000000 -1
1 1.230699 0.500264 -0.889151 0.000000 0.000000 -1
0 0.474342 0.500264 -1.438677 0.000000 0.000000 -1
1 1.230699 0.500264 0.889151 0.000000 0.000000 -1
1 1.325968 0.500264 0.000000 0.000000 0.000000 -1
0 -0.460569 0.500264 1.438677 0.000000 0.000000 -1
0 0.474342 0.500264 1.438677 0.000000 0.000000 -1
0 -1.313857 0.500264 0.000000 0.000000 0.000000 -1
0 -1.216925 0.500264 0.889151 0.000000 0.000000 -1
0 -1.216925 0.500264 -0.889151 0.000000 0.000000 -1
1
0.000000 1.000000 0.000000
8
0 0 1 2 0 0 0 1
1 1 3 4 0 0 0 1
0 3 5 6 0 0 0 1
0 5 7 8 0 0 0 1
0 7 0 9 0 0 0 1
0 5 0 7 0 0 0 1
0 0 5 1 0 0 0 1
0 1 5 3 0 0 0 1

Materials: 2
"step colour"
0.266667 0.203922 0.827451 1.000000
0.270588 0.282353 0.760784 1.000000
0.000000 0.000000 0.000000 1.000000
0.000000 0.000000 0.000000 1.000000
0.000000
1.000000
""
""
"Material01"
0.082353 0.984314 0.352941 0.850000
0.360784 0.956863 0.258824 0.850000
0.000000 0.000000 0.000000 0.850000
0.000000 0.000000 0.000000 0.850000
0.000000
0.850000
""
""

Bones: 0
