// MilkShape 3D ASCII

Frames: 30
Frame: 1

Meshes: 1
"Tube01" 0 0
48
1 0.554727 -3.962390 0.000000 0.000000 0.000000 -1
0 0.554727 0.499868 0.000000 0.000000 0.000000 -1
1 0.480408 -3.962390 0.277364 0.000000 0.000000 -1
0 0.480408 0.499868 0.277364 0.000000 0.000000 -1
0 0.277364 0.499868 0.480408 0.000000 0.000000 -1
1 0.277364 -3.962390 0.480408 0.000000 0.000000 -1
1 0.000000 -3.962390 0.554727 0.000000 0.000000 -1
0 0.000000 0.499868 0.554727 0.000000 0.000000 -1
0 -0.277364 0.499868 0.480408 0.000000 0.000000 -1
1 -0.277364 -3.962390 0.480408 0.000000 0.000000 -1
1 -0.480408 -3.962390 0.277364 0.000000 0.000000 -1
0 -0.480408 0.499868 0.277364 0.000000 0.000000 -1
0 -0.554727 0.499868 0.000000 0.000000 0.000000 -1
1 -0.554727 -3.962390 0.000000 0.000000 0.000000 -1
1 -0.480408 -3.962390 -0.277364 0.000000 0.000000 -1
0 -0.480408 0.499868 -0.277364 0.000000 0.000000 -1
0 -0.277364 0.499868 -0.480408 0.000000 0.000000 -1
1 -0.277364 -3.962390 -0.480408 0.000000 0.000000 -1
1 0.000000 -3.962390 -0.554727 0.000000 0.000000 -1
0 0.000000 0.499868 -0.554727 0.000000 0.000000 -1
0 0.277364 0.499868 -0.480408 0.000000 0.000000 -1
1 0.277364 -3.962390 -0.480408 0.000000 0.000000 -1
1 0.480408 -3.962390 -0.277364 0.000000 0.000000 -1
0 0.480408 0.499868 -0.277364 0.000000 0.000000 -1
1 0.389133 -3.962390 0.224666 0.000000 0.000000 -1
0 0.389132 0.499867 0.224665 0.000000 0.000000 -1
0 0.449329 0.499867 0.000000 0.000000 0.000000 -1
1 0.449328 -3.962390 0.000000 0.000000 0.000000 -1
1 0.224666 -3.962390 0.389133 0.000000 0.000000 -1
0 0.224665 0.499867 0.389132 0.000000 0.000000 -1
1 0.000000 -3.962390 0.449328 0.000000 0.000000 -1
0 0.000000 0.499867 0.449329 0.000000 0.000000 -1
1 -0.224666 -3.962390 0.389133 0.000000 0.000000 -1
0 -0.224665 0.499867 0.389132 0.000000 0.000000 -1
1 -0.389133 -3.962390 0.224666 0.000000 0.000000 -1
0 -0.389132 0.499867 0.224665 0.000000 0.000000 -1
1 -0.449328 -3.962390 0.000000 0.000000 0.000000 -1
0 -0.449329 0.499867 0.000000 0.000000 0.000000 -1
1 -0.389133 -3.962390 -0.224666 0.000000 0.000000 -1
0 -0.389132 0.499867 -0.224665 0.000000 0.000000 -1
1 -0.224666 -3.962390 -0.389133 0.000000 0.000000 -1
0 -0.224665 0.499867 -0.389132 0.000000 0.000000 -1
1 0.000000 -3.962390 -0.449328 0.000000 0.000000 -1
0 0.000000 0.499867 -0.449329 0.000000 0.000000 -1
1 0.224666 -3.962390 -0.389133 0.000000 0.000000 -1
0 0.224665 0.499867 -0.389132 0.000000 0.000000 -1
1 0.389133 -3.962390 -0.224666 0.000000 0.000000 -1
0 0.389132 0.499867 -0.224665 0.000000 0.000000 -1
61
0.965926 0.000000 0.258819
0.965926 0.000000 0.258819
0.707107 0.000000 0.707107
0.258819 0.000000 0.965926
0.258819 0.000000 0.965926
-0.258819 0.000000 0.965926
-0.707107 0.000000 0.707107
-0.965926 0.000000 0.258819
-0.965926 0.000000 -0.258819
-0.965926 0.000000 -0.258819
-0.707107 0.000000 -0.707107
-0.258819 0.000000 -0.965926
-0.258819 0.000000 -0.965926
0.258819 0.000000 -0.965926
0.707107 0.000000 -0.707107
0.965926 0.000000 -0.258819
-0.965927 -0.000002 -0.258815
-0.965931 0.000001 -0.258800
-0.707107 -0.000002 -0.707107
-0.258815 0.000001 -0.965927
-0.258800 -0.000002 -0.965931
0.258815 -0.000002 -0.965927
0.258800 0.000001 -0.965931
0.707107 -0.000002 -0.707107
0.965927 0.000001 -0.258815
0.965931 -0.000002 -0.258800
0.965927 -0.000002 0.258815
0.965931 0.000001 0.258800
0.707107 -0.000002 0.707107
0.258815 0.000001 0.965927
0.258800 -0.000002 0.965931
-0.258815 -0.000002 0.965927
-0.258800 0.000001 0.965931
-0.707107 -0.000002 0.707107
-0.965927 0.000001 0.258815
-0.965931 -0.000002 0.258800
-0.000018 1.000000 -0.000005
-0.000018 1.000000 -0.000005
-0.000013 1.000000 -0.000013
-0.000013 1.000000 -0.000013
-0.000005 1.000000 -0.000018
-0.000005 1.000000 -0.000018
0.000005 1.000000 -0.000018
0.000005 1.000000 -0.000018
0.000013 1.000000 -0.000013
0.000013 1.000000 -0.000013
0.000018 1.000000 -0.000005
0.000018 1.000000 -0.000005
0.000018 1.000000 0.000005
0.000018 1.000000 0.000005
0.000013 1.000000 0.000013
0.000013 1.000000 0.000013
0.000005 1.000000 0.000018
0.000005 1.000000 0.000018
-0.000005 1.000000 0.000018
-0.000005 1.000000 0.000018
-0.000013 1.000000 0.000013
-0.000013 1.000000 0.000013
-0.000018 1.000000 0.000005
-0.000018 1.000000 0.000005
0.000000 -1.000000 0.000000
96
0 0 1 2 0 0 0 255
0 1 3 2 1 1 1 255
0 2 3 4 2 2 2 255
0 2 4 5 2 2 2 255
0 5 4 6 3 3 3 255
0 4 7 6 4 4 4 255
0 6 7 8 5 5 5 255
0 6 8 9 5 5 5 255
0 9 8 10 6 6 6 255
0 8 11 10 6 6 6 255
0 10 11 12 7 7 7 255
0 10 12 13 7 7 7 255
0 13 12 14 8 8 8 255
0 12 15 14 9 9 9 255
0 14 15 16 10 10 10 255
0 14 16 17 10 10 10 255
0 17 16 18 11 11 11 255
0 16 19 18 12 12 12 255
0 18 19 20 13 13 13 255
0 18 20 21 13 13 13 255
0 21 20 22 14 14 14 255
0 20 23 22 14 14 14 255
0 22 23 1 15 15 15 255
0 22 1 0 15 15 15 255
0 24 25 26 16 16 16 255
0 24 26 27 17 17 17 255
0 28 29 25 18 18 18 255
0 28 25 24 18 18 18 255
0 30 31 29 19 19 19 255
0 30 29 28 20 20 20 255
0 32 33 31 21 21 21 255
0 32 31 30 22 22 22 255
0 34 35 33 23 23 23 255
0 34 33 32 23 23 23 255
0 36 37 35 24 24 24 255
0 36 35 34 25 25 25 255
0 38 39 37 26 26 26 255
0 38 37 36 27 27 27 255
0 40 41 39 28 28 28 255
0 40 39 38 28 28 28 255
0 42 43 41 29 29 29 255
0 42 41 40 30 30 30 255
0 44 45 43 31 31 31 255
0 44 43 42 32 32 32 255
0 46 47 45 33 33 33 255
0 46 45 44 33 33 33 255
0 27 26 47 34 34 34 255
0 27 47 46 35 35 35 255
0 25 3 1 36 36 36 255
0 25 1 26 37 37 37 255
0 29 4 3 38 38 38 255
0 29 3 25 39 39 39 255
0 31 7 4 40 40 40 255
0 31 4 29 41 41 41 255
0 33 8 7 42 42 42 255
0 33 7 31 43 43 43 255
0 35 11 8 44 44 44 255
0 35 8 33 45 45 45 255
0 37 12 11 46 46 46 255
0 37 11 35 47 47 47 255
0 39 15 12 48 48 48 255
0 39 12 37 49 49 49 255
0 41 16 15 50 50 50 255
0 41 15 39 51 51 51 255
0 43 19 16 52 52 52 255
0 43 16 41 53 53 53 255
0 45 20 19 54 54 54 255
0 45 19 43 55 55 55 255
0 47 23 20 56 56 56 255
0 47 20 45 57 57 57 255
0 26 1 23 58 58 58 255
0 26 23 47 59 59 59 255
0 0 2 24 60 60 60 255
0 27 0 24 60 60 60 255
0 2 5 28 60 60 60 255
0 24 2 28 60 60 60 255
0 5 6 30 60 60 60 255
0 28 5 30 60 60 60 255
0 6 9 32 60 60 60 255
0 30 6 32 60 60 60 255
0 9 10 34 60 60 60 255
0 32 9 34 60 60 60 255
0 10 13 36 60 60 60 255
0 34 10 36 60 60 60 255
0 13 14 38 60 60 60 255
0 36 13 38 60 60 60 255
0 14 17 40 60 60 60 255
0 38 14 40 60 60 60 255
0 17 18 42 60 60 60 255
0 40 17 42 60 60 60 255
0 18 21 44 60 60 60 255
0 42 18 44 60 60 60 255
0 21 22 46 60 60 60 255
0 44 21 46 60 60 60 255
0 22 0 27 60 60 60 255
0 46 22 27 60 60 60 255

Materials: 2
"red"
0.941177 0.196078 0.007843 1.000000
0.980392 0.478431 0.262745 1.000000
0.000000 0.000000 0.000000 1.000000
0.000000 0.000000 0.000000 1.000000
0.000000
1.000000
""
""
"Material08"
0.678431 0.674510 0.682353 1.000000
0.694118 0.690196 0.725490 1.000000
0.000000 0.000000 0.000000 1.000000
0.000000 0.000000 0.000000 1.000000
0.000000
1.000000
""
""

Bones: 0
