// MilkShape 3D ASCII

Frames: 30
Frame: 1

Meshes: 1
"Duplicate02" 1 0
4
1 0.982004 0.979502 -0.470581 1.000000 -0.000000 -1
1 -0.981653 0.979477 -0.470588 0.000000 0.000010 -1
1 -0.981653 -1.521858 -0.470588 0.000000 1.000000 -1
1 0.982004 -1.521854 -0.470581 1.000000 0.999998 -1
3
-0.000004 0.000000 1.000000
-0.000004 0.000000 1.000000
-0.000004 0.000000 1.000000
2
1 0 1 2 0 1 0 3
1 0 2 3 0 0 2 3

Materials: 1
"Material03"
1.000000 1.000000 1.000000 1.000000
0.800000 0.800000 0.800000 1.000000
0.000000 0.000000 0.000000 1.000000
0.000000 0.000000 0.000000 1.000000
0.000000
1.000000
"..\..\..\model textures\exitTexture.bmp"
""

Bones: 0
