// MilkShape 3D ASCII

Frames: 30
Frame: 1

Meshes: 6
"Regroup01" 0 0
28
0 2.057943 0.501656 -0.001421 0.000000 0.000000 -1
0 0.000000 0.501656 -0.000999 0.000000 0.000000 -1
0 1.090608 0.501656 2.025689 0.000000 0.000000 -1
0 1.090608 -0.498328 2.025689 0.000000 0.000000 -1
0 -1.091123 -0.498328 2.025689 0.000000 0.000000 -1
0 0.000000 -0.498328 -0.000999 0.000000 0.000000 -1
0 -1.091123 0.498705 2.025689 0.000000 0.000000 -1
0 1.090608 -0.498328 2.025689 0.200000 1.000000 -1
0 1.090608 0.501656 2.025689 0.200000 0.000000 -1
0 -1.091123 -0.498328 2.025689 0.300000 1.000000 -1
0 -1.091123 0.498705 2.025689 0.300000 0.000000 -1
0 -2.059385 0.498705 -0.000656 0.000000 0.000000 -1
0 -2.059363 -0.498328 -0.000999 0.500000 1.000000 -1
0 -2.059363 0.498705 -0.000999 0.500000 0.000000 -1
0 -1.522880 0.498705 -2.001476 0.600000 0.000000 -1
0 -1.522880 -0.498328 -2.001476 0.600000 1.000000 -1
0 1.522879 -0.498328 -2.001476 0.900000 1.000000 -1
0 1.522879 0.498705 -2.001476 0.900000 0.000000 -1
0 2.057920 0.498705 -0.000999 1.000000 0.000000 -1
0 2.057920 -0.498328 -0.000999 1.000000 1.000000 -1
0 -1.522880 0.498705 -2.001476 0.000000 0.000000 -1
0 -2.059363 0.498705 -0.000999 0.000000 0.000000 -1
0 2.057920 0.498705 -0.000999 0.000000 0.000000 -1
0 1.522879 0.498705 -2.001476 0.000000 0.000000 -1
0 -2.059363 -0.498328 -0.000999 0.000000 0.000000 -1
0 -1.522880 -0.498328 -2.001476 0.000000 0.000000 -1
0 2.057920 -0.498328 -0.000999 0.000000 0.000000 -1
0 1.522879 -0.498328 -2.001476 0.000000 0.000000 -1
15
0.000000 1.000000 0.000000
-0.000929 0.999999 0.000471
-0.000676 1.000000 0.000364
0.000000 -1.000000 0.000000
-0.001393 0.999999 0.000706
0.000000 0.000000 1.000000
-0.001433 0.999999 0.000685
-0.863901 -0.447214 -0.231679
-0.682974 0.707107 -0.183158
-0.514953 0.533149 -0.671249
-0.378321 -0.783378 -0.493146
0.580781 -0.300597 -0.756528
0.515141 0.533248 -0.671026
0.683097 0.707107 -0.182699
0.432028 -0.894427 -0.115549
16
0 0 1 2 0 1 2 2
0 3 4 5 3 3 3 2
0 2 1 6 2 1 4 2
0 7 8 9 5 5 5 1
0 8 10 9 5 5 5 1
0 6 1 11 4 1 6 2
0 12 13 14 7 8 9 1
0 12 14 15 7 9 10 1
0 16 17 18 11 12 13 1
0 16 18 19 11 13 14 1
0 20 21 22 9 8 13 1
0 22 23 20 13 12 9 1
0 24 25 26 7 10 14 1
0 26 25 27 14 10 11 1
0 20 23 27 9 12 11 1
0 27 25 20 11 10 9 1
"Duplicate05" 0 2
4
0 -1.493783 0.499226 -2.001451 0.000000 0.000000 -1
0 -2.564093 0.499226 1.996571 0.000000 1.000000 -1
0 1.494715 0.499226 -2.001451 1.000000 0.000000 -1
0 2.565228 0.499226 1.994012 1.000000 1.000000 -1
1
0.000000 1.000000 0.000000
2
0 0 1 2 0 0 0 3
0 1 3 2 0 0 0 3
"Duplicate12" 0 1
13
0 -2.563651 0.501148 1.994012 1.000000 0.000000 -1
0 -1.061398 -0.499789 1.996571 0.000000 1.000000 -1
0 -1.061398 0.501148 1.996571 0.000000 0.000000 -1
0 -2.563651 -0.499789 1.994012 1.000000 1.000000 -1
0 -2.029484 0.501148 0.000017 1.000000 0.000000 -1
0 -2.563651 -0.499789 1.994012 0.000000 1.000000 -1
0 -2.563651 0.501148 1.994012 0.000000 0.000000 -1
0 -2.029484 -0.499789 0.000017 1.000000 1.000000 -1
0 -2.563651 0.501148 1.994012 1.000000 1.000000 -1
0 -1.061398 0.501148 1.996571 0.000000 1.000000 -1
0 -1.061397 -0.501379 1.996571 0.000000 1.000000 -1
0 -2.563660 -0.501379 1.994012 1.000000 1.000000 -1
0 -2.029486 -0.501379 0.000017 1.000000 0.000000 -1
4
-0.001703 0.000000 0.999999
-0.965941 0.000000 -0.258764
0.000000 1.000000 0.000000
0.000000 -1.000000 0.000000
6
0 0 1 2 0 0 0 1
0 0 3 1 0 0 0 1
0 4 5 6 1 1 1 2
0 4 7 5 1 1 1 2
0 4 8 9 2 2 2 3
0 10 11 12 3 3 3 3
"Duplicate13" 0 0
3
0 1.090608 -0.498344 2.025689 0.000000 0.000000 -1
0 0.000000 -0.498344 -0.000999 0.000000 0.000000 -1
0 2.057943 -0.498344 -0.001421 0.000000 0.000000 -1
1
0.000000 -1.000000 0.000000
1
0 0 1 2 0 0 0 2
"Duplicate14" 0 0
3
0 -2.059385 -0.498344 -0.000656 0.000000 0.000000 -1
0 0.000000 -0.498344 -0.000999 0.000000 0.000000 -1
0 -1.091123 -0.498344 2.025689 0.000000 0.000000 -1
1
0.000000 -1.000000 0.000000
1
0 0 1 2 0 0 0 2
"Duplicate15" 1 1
13
1 1.061398 0.501148 1.996571 0.000000 0.000000 -1
1 1.061398 -0.499789 1.996571 0.000000 1.000000 -1
1 2.563651 0.501148 1.994012 1.000000 0.000000 -1
1 2.563651 -0.499789 1.994012 1.000000 1.000000 -1
1 2.563651 0.501148 1.994012 0.000000 0.000000 -1
1 2.563651 -0.499789 1.994012 0.000000 1.000000 -1
1 2.029484 0.501148 0.000017 1.000000 0.000000 -1
1 2.029484 -0.499789 0.000017 1.000000 1.000000 -1
1 1.061398 0.501148 1.996571 0.000000 1.000000 -1
1 2.563651 0.501148 1.994012 1.000000 1.000000 -1
1 2.029486 -0.501379 0.000017 1.000000 0.000000 -1
1 2.563660 -0.501379 1.994012 1.000000 1.000000 -1
1 1.061397 -0.501379 1.996571 0.000000 1.000000 -1
4
0.001703 0.000000 0.999999
0.965941 0.000000 -0.258764
0.000000 1.000000 0.000000
0.000000 -1.000000 0.000000
6
1 0 1 2 0 0 0 1
1 1 3 2 0 0 0 1
1 4 5 6 1 1 1 2
1 5 7 6 1 1 1 2
1 8 9 6 2 2 2 3
1 10 11 12 3 3 3 3

Materials: 3
"step colour"
0.933333 0.101961 0.705882 1.000000
0.933333 0.101961 0.705882 1.000000
0.000000 0.000000 0.000000 1.000000
0.000000 0.000000 0.000000 1.000000
0.000000
1.000000
""
""
"Material02"
1.000000 1.000000 1.000000 1.000000
0.800000 0.800000 0.800000 1.000000
0.000000 0.000000 0.000000 1.000000
0.000000 0.000000 0.000000 1.000000
0.000000
1.000000
"..\..\..\model textures\woodLight.bmp"
""
"Material03"
0.200000 0.200000 0.200000 0.000000
0.800000 0.800000 0.800000 0.000000
0.000000 0.000000 0.000000 0.000000
0.000000 0.000000 0.000000 0.000000
0.000000
0.000000
""
""

Bones: 0
