// MilkShape 3D ASCII

Frames: 30
Frame: 1

Meshes: 1
"Sphere08" 0 0
52
0 0.000033 -0.484039 0.000000 0.000000 1.000000 -1
0 0.286410 -0.390990 0.000000 0.000000 0.800000 -1
0 0.202532 -0.390990 0.202499 0.125000 0.800000 -1
0 0.000033 0.490388 0.000000 0.000000 0.000000 -1
0 0.202532 0.397339 0.202499 0.125000 0.200000 -1
0 0.286410 0.397339 0.000000 0.000000 0.200000 -1
0 0.000033 -0.484039 0.000000 0.125000 1.000000 -1
0 0.000033 -0.390990 0.286377 0.250000 0.800000 -1
0 0.000033 0.490388 0.000000 0.125000 0.000000 -1
0 0.000033 0.397339 0.286377 0.250000 0.200000 -1
0 0.000033 -0.484039 0.000000 0.250000 1.000000 -1
0 -0.202466 -0.390990 0.202499 0.375000 0.800000 -1
0 0.000033 0.490388 0.000000 0.250000 0.000000 -1
0 -0.202466 0.397339 0.202499 0.375000 0.200000 -1
0 0.000033 -0.484039 0.000000 0.375000 1.000000 -1
0 -0.286344 -0.390990 0.000000 0.500000 0.800000 -1
0 0.000033 0.490388 0.000000 0.375000 0.000000 -1
0 -0.286344 0.397339 0.000000 0.500000 0.200000 -1
0 0.000033 -0.484039 0.000000 0.500000 1.000000 -1
0 -0.202466 -0.390990 -0.202499 0.625000 0.800000 -1
0 0.000033 0.490388 0.000000 0.500000 0.000000 -1
0 -0.202466 0.397339 -0.202499 0.625000 0.200000 -1
0 0.000033 -0.484039 0.000000 0.625000 1.000000 -1
0 0.000033 -0.390990 -0.286377 0.750000 0.800000 -1
0 0.000033 0.490388 0.000000 0.625000 0.000000 -1
0 0.000033 0.397339 -0.286377 0.750000 0.200000 -1
0 0.000033 -0.484039 0.000000 0.750000 1.000000 -1
0 0.202532 -0.390990 -0.202499 0.875000 0.800000 -1
0 0.000033 0.490388 0.000000 0.750000 0.000000 -1
0 0.202532 0.397339 -0.202499 0.875000 0.200000 -1
0 0.000033 -0.484039 0.000000 0.875000 1.000000 -1
0 0.286410 -0.390990 0.000000 1.000000 0.800000 -1
0 0.000033 0.490388 0.000000 0.875000 0.000000 -1
0 0.286410 0.397339 0.000000 1.000000 0.200000 -1
0 0.463401 -0.147383 0.000000 0.000000 0.600000 -1
0 0.327683 -0.147383 0.327651 0.125000 0.600000 -1
0 0.000033 -0.147383 0.463368 0.250000 0.600000 -1
0 -0.327618 -0.147383 0.327651 0.375000 0.600000 -1
0 -0.463335 -0.147383 0.000000 0.500000 0.600000 -1
0 -0.327618 -0.147383 -0.327651 0.625000 0.600000 -1
0 0.000033 -0.147383 -0.463368 0.750000 0.600000 -1
0 0.327683 -0.147383 -0.327651 0.875000 0.600000 -1
0 0.463401 -0.147383 0.000000 1.000000 0.600000 -1
0 0.463401 0.153732 0.000000 0.000000 0.400000 -1
0 0.327683 0.153732 0.327651 0.125000 0.400000 -1
0 0.000033 0.153732 0.463368 0.250000 0.400000 -1
0 -0.327618 0.153732 0.327651 0.375000 0.400000 -1
0 -0.463335 0.153732 0.000000 0.500000 0.400000 -1
0 -0.327618 0.153732 -0.327651 0.625000 0.400000 -1
0 0.000033 0.153732 -0.463368 0.750000 0.400000 -1
0 0.327683 0.153732 -0.327651 0.875000 0.400000 -1
0 0.463401 0.153732 0.000000 1.000000 0.400000 -1
34
0.000000 -1.000000 0.000000
0.666659 -0.745363 0.000000
0.411426 -0.813300 0.411426
0.000000 1.000000 0.000000
0.471399 0.745363 0.471399
0.581845 0.813300 0.000000
-0.000000 -0.745363 0.666659
0.000000 0.813300 0.581845
-0.411426 -0.813300 0.411426
-0.471399 0.745363 0.471399
-0.666659 -0.745363 0.000000
-0.581845 0.813300 0.000000
-0.411426 -0.813300 -0.411426
-0.471399 0.745363 -0.471399
-0.000000 -0.745363 -0.666659
0.000000 0.813300 -0.581845
0.411426 -0.813300 -0.411426
0.471399 0.745363 -0.471399
0.949745 -0.313025 0.000000
0.671571 -0.313025 0.671571
-0.000000 -0.313025 0.949745
-0.671571 -0.313025 0.671571
-0.949745 -0.313025 0.000000
-0.671571 -0.313025 -0.671571
-0.000000 -0.313025 -0.949745
0.671571 -0.313025 -0.671571
0.949745 0.313025 0.000000
0.671571 0.313025 0.671571
-0.000000 0.313025 0.949745
-0.671571 0.313025 0.671571
-0.949745 0.313025 -0.000000
-0.671571 0.313025 -0.671571
-0.000000 0.313025 -0.949745
0.671571 0.313025 -0.671571
64
0 0 1 2 0 1 2 1
0 3 4 5 3 4 5 1
0 6 2 7 0 2 6 1
0 8 9 4 3 7 4 1
0 10 7 11 0 6 8 1
0 12 13 9 3 9 7 1
0 14 11 15 0 8 10 1
0 16 17 13 3 11 9 1
0 18 15 19 0 10 12 1
0 20 21 17 3 13 11 1
0 22 19 23 0 12 14 1
0 24 25 21 3 15 13 1
0 26 23 27 0 14 16 1
0 28 29 25 3 17 15 1
0 30 27 31 0 16 1 1
0 32 33 29 3 5 17 1
0 1 34 35 1 18 19 1
0 1 35 2 1 19 2 1
0 2 35 7 2 19 6 1
0 35 36 7 19 20 6 1
0 7 36 37 6 20 21 1
0 7 37 11 6 21 8 1
0 11 37 15 8 21 10 1
0 37 38 15 21 22 10 1
0 15 38 39 10 22 23 1
0 15 39 19 10 23 12 1
0 19 39 23 12 23 14 1
0 39 40 23 23 24 14 1
0 23 40 41 14 24 25 1
0 23 41 27 14 25 16 1
0 27 41 31 16 25 1 1
0 41 42 31 25 18 1 1
0 34 43 35 18 26 19 1
0 43 44 35 26 27 19 1
0 35 44 45 19 27 28 1
0 35 45 36 19 28 20 1
0 36 45 37 20 28 21 1
0 45 46 37 28 29 21 1
0 37 46 47 21 29 30 1
0 37 47 38 21 30 22 1
0 38 47 39 22 30 23 1
0 47 48 39 30 31 23 1
0 39 48 49 23 31 32 1
0 39 49 40 23 32 24 1
0 40 49 41 24 32 25 1
0 49 50 41 32 33 25 1
0 41 50 51 25 33 26 1
0 41 51 42 25 26 18 1
0 43 5 4 26 5 4 1
0 43 4 44 26 4 27 1
0 44 4 45 27 4 28 1
0 4 9 45 4 7 28 1
0 45 9 13 28 7 9 1
0 45 13 46 28 9 29 1
0 46 13 47 29 9 30 1
0 13 17 47 9 11 30 1
0 47 17 21 30 11 13 1
0 47 21 48 30 13 31 1
0 48 21 49 31 13 32 1
0 21 25 49 13 15 32 1
0 49 25 29 32 15 17 1
0 49 29 50 32 17 33 1
0 50 29 51 33 17 26 1
0 29 33 51 17 5 26 1

Materials: 1
"plane"
0.941177 0.996078 1.000000 1.000000
0.980392 0.976471 1.000000 1.000000
0.000000 0.000000 0.000000 1.000000
0.000000 0.000000 0.000000 1.000000
0.000000
1.000000
"..\..\model textures\noFriction.bmp"
""

Bones: 0
