// MilkShape 3D ASCII

Frames: 30
Frame: 1

Meshes: 1
"front" 1 0
4
1 199.999863 200.750916 200.000214 1.000000 0.000000 -1
1 -200.000580 -201.249084 200.000229 0.000000 1.000000 -1
1 -200.000580 200.750916 200.000229 0.000000 0.000000 -1
1 199.999863 -201.249084 200.000214 1.000000 1.000000 -1
1
-0.000000 0.000000 -1.000000
2
1 0 1 2 0 0 0 1
1 0 3 1 0 0 0 1

Materials: 1
"back"
1.000000 1.000000 1.000000 1.000000
1.000000 1.000000 1.000000 1.000000
1.000000 1.000000 1.000000 1.000000
1.000000 1.000000 1.000000 1.000000
0.000000
1.000000
"..\..\model textures\skybox_nzNEWSmall.bmp"
""

Bones: 0
