// MilkShape 3D ASCII

Frames: 30
Frame: 1

Meshes: 1
"Box05" 0 1
20
0 -2.570673 0.499800 2.000196 0.000000 0.000000 -1
0 -2.570673 -0.499991 2.000196 0.000000 1.000000 -1
1 2.572155 0.499800 2.000196 1.000000 0.000000 -1
1 2.572155 -0.499991 2.000196 1.000000 1.000000 -1
1 2.572155 0.499800 2.000196 0.000000 0.000000 -1
1 2.572155 -0.499991 2.000196 0.000000 1.000000 -1
0 1.500291 0.499800 -2.000091 1.000000 0.000000 -1
0 1.500291 -0.499991 -2.000091 1.000000 1.000000 -1
0 1.500291 0.499800 -2.000091 0.000000 0.000000 -1
0 1.500291 -0.499991 -2.000091 0.000000 1.000000 -1
0 -1.500291 0.499800 -2.000091 1.000000 0.000000 -1
0 -1.500291 -0.499991 -2.000091 1.000000 1.000000 -1
0 -1.500291 0.499800 -2.000091 0.000000 0.000000 -1
0 -1.500291 -0.499991 -2.000091 0.000000 1.000000 -1
0 -2.570673 0.499800 2.000196 1.000000 0.000000 -1
0 -2.570673 -0.499991 2.000196 1.000000 1.000000 -1
0 -2.570673 0.499800 2.000196 0.000000 1.000000 -1
1 2.572155 0.499800 2.000196 1.000000 1.000000 -1
0 -2.570673 -0.499991 2.000196 0.000000 0.000000 -1
1 2.572155 -0.499991 2.000196 1.000000 0.000000 -1
6
0.000000 0.000000 1.000000
0.965926 0.000000 -0.258817
0.000000 0.000000 -1.000000
-0.966016 0.000000 -0.258483
0.000000 1.000000 0.000000
0.000000 -1.000000 0.000000
12
0 0 1 2 0 0 0 1
0 1 3 2 0 0 0 1
0 4 5 6 1 1 1 2
0 5 7 6 1 1 1 2
0 8 9 10 2 2 2 1
0 9 11 10 2 2 2 1
0 12 13 14 3 3 3 2
0 13 15 14 3 3 3 2
0 12 16 6 4 4 4 3
0 16 17 6 4 4 4 3
0 18 13 19 5 5 5 3
0 13 7 19 5 5 5 3

Materials: 2
"step colour"
0.372549 0.674510 0.788235 1.000000
0.086275 0.258824 0.662745 1.000000
0.000000 0.000000 0.000000 1.000000
0.000000 0.000000 0.000000 1.000000
0.000000
1.000000
""
""
"Material06"
1.000000 1.000000 1.000000 1.000000
0.800000 0.800000 0.800000 1.000000
0.000000 0.000000 0.000000 1.000000
0.000000 0.000000 0.000000 1.000000
0.000000
1.000000
"..\..\..\model textures\woodLight.bmp"
""

Bones: 0
