// MilkShape 3D ASCII

Frames: 30
Frame: 1

Meshes: 3
"Sphere01" 0 1
89
0 -0.000278 -0.152791 -0.000120 0.000000 1.000000 -1
0 0.060247 -0.136573 -0.000120 0.000000 0.833333 -1
0 0.052139 -0.136573 0.030142 0.083333 0.833333 -1
0 -0.000278 0.089309 -0.000120 0.000000 0.000000 -1
0 0.052139 0.073092 0.030142 0.083333 0.166667 -1
0 0.060247 0.073092 -0.000120 0.000000 0.166667 -1
0 -0.000278 -0.152791 -0.000120 0.083333 1.000000 -1
0 0.029985 -0.136573 0.052296 0.166667 0.833333 -1
0 -0.000278 0.089309 -0.000120 0.083333 0.000000 -1
0 0.029985 0.073092 0.052296 0.166667 0.166667 -1
0 -0.000278 -0.152791 -0.000120 0.166667 1.000000 -1
0 -0.000278 -0.136573 0.060405 0.250000 0.833333 -1
0 -0.000278 0.089309 -0.000120 0.166667 0.000000 -1
0 -0.000278 0.073092 0.060405 0.250000 0.166667 -1
0 -0.000278 -0.152791 -0.000120 0.250000 1.000000 -1
0 -0.030540 -0.136573 0.052296 0.333333 0.833333 -1
0 -0.000278 0.089309 -0.000120 0.250000 0.000000 -1
0 -0.030540 0.073092 0.052296 0.333333 0.166667 -1
0 -0.000278 -0.152791 -0.000120 0.333333 1.000000 -1
0 -0.052694 -0.136573 0.030142 0.416667 0.833333 -1
0 -0.000278 0.089309 -0.000120 0.333333 0.000000 -1
0 -0.052694 0.073092 0.030142 0.416667 0.166667 -1
0 -0.000278 -0.152791 -0.000120 0.416667 1.000000 -1
0 -0.060803 -0.136573 -0.000120 0.500000 0.833333 -1
0 -0.000278 0.089309 -0.000120 0.416667 0.000000 -1
0 -0.060803 0.073092 -0.000120 0.500000 0.166667 -1
0 -0.000278 -0.152791 -0.000120 0.500000 1.000000 -1
0 -0.052694 -0.136573 -0.030383 0.583333 0.833333 -1
0 -0.000278 0.089309 -0.000120 0.500000 0.000000 -1
0 -0.052694 0.073092 -0.030383 0.583333 0.166667 -1
0 -0.000278 -0.152791 -0.000120 0.583333 1.000000 -1
0 -0.030540 -0.136573 -0.052537 0.666667 0.833333 -1
0 -0.000278 0.089309 -0.000120 0.583333 0.000000 -1
0 -0.030540 0.073092 -0.052537 0.666667 0.166667 -1
0 -0.000278 -0.152791 -0.000120 0.666667 1.000000 -1
0 -0.000278 -0.136573 -0.060646 0.750000 0.833333 -1
0 -0.000278 0.089309 -0.000120 0.666667 0.000000 -1
0 -0.000278 0.073092 -0.060646 0.750000 0.166667 -1
0 -0.000278 -0.152791 -0.000120 0.750000 1.000000 -1
0 0.029985 -0.136573 -0.052537 0.833333 0.833333 -1
0 -0.000278 0.089309 -0.000120 0.750000 0.000000 -1
0 0.029985 0.073092 -0.052537 0.833333 0.166667 -1
0 -0.000278 -0.152791 -0.000120 0.833333 1.000000 -1
0 0.052139 -0.136573 -0.030383 0.916667 0.833333 -1
0 -0.000278 0.089309 -0.000120 0.833333 0.000000 -1
0 0.052139 0.073092 -0.030383 0.916667 0.166667 -1
0 -0.000278 -0.152791 -0.000120 0.916667 1.000000 -1
0 0.060247 -0.136573 -0.000120 1.000000 0.833333 -1
0 -0.000278 0.089309 -0.000120 0.916667 0.000000 -1
0 0.060247 0.073092 -0.000120 1.000000 0.166667 -1
0 0.104555 -0.092266 -0.000120 0.000000 0.666667 -1
0 0.090510 -0.092266 0.052296 0.083333 0.666667 -1
0 0.052139 -0.092266 0.090667 0.166667 0.666667 -1
0 -0.000278 -0.092266 0.104712 0.250000 0.666667 -1
0 -0.052694 -0.092266 0.090667 0.333333 0.666667 -1
0 -0.091066 -0.092266 0.052296 0.416667 0.666667 -1
0 -0.105110 -0.092266 -0.000120 0.500000 0.666667 -1
0 -0.091066 -0.092266 -0.052537 0.583333 0.666667 -1
0 -0.052694 -0.092266 -0.090908 0.666667 0.666667 -1
0 -0.000278 -0.092266 -0.104953 0.750000 0.666667 -1
0 0.052139 -0.092266 -0.090908 0.833333 0.666667 -1
0 0.090510 -0.092266 -0.052537 0.916667 0.666667 -1
0 0.104555 -0.092266 -0.000120 1.000000 0.666667 -1
0 0.120773 -0.031741 -0.000120 0.000000 0.500000 -1
0 0.104555 -0.031741 0.060405 0.083333 0.500000 -1
0 0.060247 -0.031741 0.104712 0.166667 0.500000 -1
0 -0.000278 -0.031741 0.120930 0.250000 0.500000 -1
0 -0.060803 -0.031741 0.104712 0.333333 0.500000 -1
0 -0.105110 -0.031741 0.060405 0.416667 0.500000 -1
0 -0.121328 -0.031741 -0.000120 0.500000 0.500000 -1
0 -0.105110 -0.031741 -0.060646 0.583333 0.500000 -1
0 -0.060803 -0.031741 -0.104953 0.666667 0.500000 -1
0 -0.000278 -0.031741 -0.121171 0.750000 0.500000 -1
0 0.060247 -0.031741 -0.104953 0.833333 0.500000 -1
0 0.104555 -0.031741 -0.060646 0.916667 0.500000 -1
0 0.120773 -0.031741 -0.000120 1.000000 0.500000 -1
0 0.104555 0.028784 -0.000120 0.000000 0.333333 -1
0 0.090510 0.028784 0.052296 0.083333 0.333333 -1
0 0.052139 0.028784 0.090667 0.166667 0.333333 -1
0 -0.000278 0.028784 0.104712 0.250000 0.333333 -1
0 -0.052694 0.028784 0.090667 0.333333 0.333333 -1
0 -0.091066 0.028784 0.052296 0.416667 0.333333 -1
0 -0.105110 0.028784 -0.000120 0.500000 0.333333 -1
0 -0.091066 0.028784 -0.052537 0.583333 0.333333 -1
0 -0.052694 0.028784 -0.090908 0.666667 0.333333 -1
0 -0.000278 0.028784 -0.104953 0.750000 0.333333 -1
0 0.052139 0.028784 -0.090908 0.833333 0.333333 -1
0 0.090510 0.028784 -0.052537 0.916667 0.333333 -1
0 0.104555 0.028784 -0.000120 1.000000 0.333333 -1
89
0.258199 -0.963611 0.069184
0.566924 -0.809643 0.151907
0.431479 -0.867045 0.249115
0.258196 0.963612 0.069183
0.431478 0.867046 0.249114
0.566924 0.809643 0.151907
0.189015 -0.963611 0.189015
0.286790 -0.819149 0.496735
0.189012 0.963612 0.189013
0.286790 0.819149 0.496736
0.069184 -0.963611 0.258199
0.000000 -0.867045 0.498229
0.069183 0.963612 0.258196
0.000000 0.867046 0.498228
-0.069184 -0.963611 0.258199
-0.286790 -0.819149 0.496735
-0.069183 0.963612 0.258196
-0.286790 0.819149 0.496736
-0.189015 -0.963611 0.189015
-0.431479 -0.867045 0.249115
-0.189012 0.963612 0.189012
-0.431478 0.867046 0.249114
-0.258200 -0.963611 0.069184
-0.573581 -0.819149 -0.000000
-0.258196 0.963612 0.069183
-0.573581 0.819149 -0.000000
-0.258200 -0.963611 -0.069184
-0.431479 -0.867045 -0.249115
-0.258196 0.963612 -0.069183
-0.431478 0.867046 -0.249114
-0.189015 -0.963611 -0.189015
-0.286790 -0.819149 -0.496736
-0.189012 0.963612 -0.189013
-0.286790 0.819149 -0.496736
-0.069184 -0.963611 -0.258200
0.000000 -0.867045 -0.498229
-0.069183 0.963612 -0.258196
0.000000 0.867046 -0.498229
0.069184 -0.963611 -0.258200
0.286790 -0.819149 -0.496736
0.069183 0.963612 -0.258196
0.286790 0.819149 -0.496736
0.189015 -0.963611 -0.189015
0.431479 -0.867045 -0.249115
0.189012 0.963612 -0.189013
0.431478 0.867046 -0.249114
0.258199 -0.963611 -0.069185
0.566924 -0.809643 -0.151907
0.258196 0.963612 -0.069183
0.566924 0.809643 -0.151907
0.842692 -0.488760 0.225798
0.749139 -0.501717 0.432516
0.432516 -0.501717 0.749140
-0.000000 -0.501717 0.865032
-0.432516 -0.501717 0.749140
-0.749140 -0.501717 0.432516
-0.865032 -0.501717 -0.000000
-0.749139 -0.501717 -0.432516
-0.432516 -0.501717 -0.749140
-0.000000 -0.501716 -0.865032
0.432516 -0.501717 -0.749140
0.749139 -0.501717 -0.432516
0.842692 -0.488760 -0.225799
0.965926 -0.000000 0.258819
0.866025 -0.000000 0.500000
0.500000 -0.000000 0.866025
-0.000000 -0.000000 1.000000
-0.500000 -0.000000 0.866025
-0.866025 -0.000000 0.500000
-1.000000 -0.000000 -0.000000
-0.866025 -0.000000 -0.500000
-0.500000 -0.000000 -0.866026
-0.000000 -0.000000 -1.000000
0.499999 -0.000000 -0.866026
0.866025 -0.000000 -0.500000
0.965926 -0.000000 -0.258819
0.842692 0.488758 0.225799
0.749140 0.501716 0.432516
0.432516 0.501716 0.749140
-0.000000 0.501716 0.865033
-0.432516 0.501716 0.749140
-0.749140 0.501716 0.432516
-0.865033 0.501715 -0.000000
-0.749140 0.501715 -0.432517
-0.432516 0.501715 -0.749140
-0.000000 0.501715 -0.865033
0.432516 0.501715 -0.749140
0.749140 0.501715 -0.432517
0.842692 0.488758 -0.225799
120
0 0 1 2 0 1 2 1
0 3 4 5 3 4 5 1
0 6 2 7 6 2 7 1
0 8 9 4 8 9 4 1
0 10 7 11 10 7 11 1
0 12 13 9 12 13 9 1
0 14 11 15 14 11 15 1
0 16 17 13 16 17 13 1
0 18 15 19 18 15 19 1
0 20 21 17 20 21 17 1
0 22 19 23 22 19 23 1
0 24 25 21 24 25 21 1
0 26 23 27 26 23 27 1
0 28 29 25 28 29 25 1
0 30 27 31 30 27 31 1
0 32 33 29 32 33 29 1
0 34 31 35 34 31 35 1
0 36 37 33 36 37 33 1
0 38 35 39 38 35 39 1
0 40 41 37 40 41 37 1
0 42 39 43 42 39 43 1
0 44 45 41 44 45 41 1
0 46 43 47 46 43 47 1
0 48 49 45 48 49 45 1
0 1 50 51 1 50 51 1
0 1 51 2 1 51 2 1
0 2 51 7 2 51 7 1
0 51 52 7 51 52 7 1
0 7 52 53 7 52 53 1
0 7 53 11 7 53 11 1
0 11 53 15 11 53 15 1
0 53 54 15 53 54 15 1
0 15 54 55 15 54 55 1
0 15 55 19 15 55 19 1
0 19 55 23 19 55 23 1
0 55 56 23 55 56 23 1
0 23 56 57 23 56 57 1
0 23 57 27 23 57 27 1
0 27 57 31 27 57 31 1
0 57 58 31 57 58 31 1
0 31 58 59 31 58 59 1
0 31 59 35 31 59 35 1
0 35 59 39 35 59 39 1
0 59 60 39 59 60 39 1
0 39 60 61 39 60 61 1
0 39 61 43 39 61 43 1
0 43 61 47 43 61 47 1
0 61 62 47 61 62 47 1
0 50 63 51 50 63 51 1
0 63 64 51 63 64 51 1
0 51 64 65 51 64 65 1
0 51 65 52 51 65 52 1
0 52 65 53 52 65 53 1
0 65 66 53 65 66 53 1
0 53 66 67 53 66 67 1
0 53 67 54 53 67 54 1
0 54 67 55 54 67 55 1
0 67 68 55 67 68 55 1
0 55 68 69 55 68 69 1
0 55 69 56 55 69 56 1
0 56 69 57 56 69 57 1
0 69 70 57 69 70 57 1
0 57 70 71 57 70 71 1
0 57 71 58 57 71 58 1
0 58 71 59 58 71 59 1
0 71 72 59 71 72 59 1
0 59 72 73 59 72 73 1
0 59 73 60 59 73 60 1
0 60 73 61 60 73 61 1
0 73 74 61 73 74 61 1
0 61 74 75 61 74 75 1
0 61 75 62 61 75 62 1
0 63 76 77 63 76 77 1
0 63 77 64 63 77 64 1
0 64 77 65 64 77 65 1
0 77 78 65 77 78 65 1
0 65 78 79 65 78 79 1
0 65 79 66 65 79 66 1
0 66 79 67 66 79 67 1
0 79 80 67 79 80 67 1
0 67 80 81 67 80 81 1
0 67 81 68 67 81 68 1
0 68 81 69 68 81 69 1
0 81 82 69 81 82 69 1
0 69 82 83 69 82 83 1
0 69 83 70 69 83 70 1
0 70 83 71 70 83 71 1
0 83 84 71 83 84 71 1
0 71 84 85 71 84 85 1
0 71 85 72 71 85 72 1
0 72 85 73 72 85 73 1
0 85 86 73 85 86 73 1
0 73 86 87 73 86 87 1
0 73 87 74 73 87 74 1
0 74 87 75 74 87 75 1
0 87 88 75 87 88 75 1
0 76 5 77 76 5 77 1
0 5 4 77 5 4 77 1
0 77 4 9 77 4 9 1
0 77 9 78 77 9 78 1
0 78 9 79 78 9 79 1
0 9 13 79 9 13 79 1
0 79 13 17 79 13 17 1
0 79 17 80 79 17 80 1
0 80 17 81 80 17 81 1
0 17 21 81 17 21 81 1
0 81 21 25 81 21 25 1
0 81 25 82 81 25 82 1
0 82 25 83 82 25 83 1
0 25 29 83 25 29 83 1
0 83 29 33 83 29 33 1
0 83 33 84 83 33 84 1
0 84 33 85 84 33 85 1
0 33 37 85 33 37 85 1
0 85 37 41 85 37 41 1
0 85 41 86 85 41 86 1
0 86 41 87 86 41 87 1
0 41 45 87 41 45 87 1
0 87 45 49 87 45 49 1
0 87 49 88 87 49 88 1
"Cylinder05" 1 1
25
1 0.016026 -0.163379 -0.000030 0.000000 0.666667 -1
1 0.016026 0.323542 -0.000030 0.000000 0.333333 -1
1 0.012312 0.323542 0.010177 0.111111 0.333333 -1
1 0.012312 -0.163379 0.010177 0.111111 0.666667 -1
1 0.000148 0.499964 -0.000030 0.000000 0.000000 -1
1 0.002906 -0.163379 0.015607 0.222222 0.666667 -1
1 0.002906 0.323542 0.015607 0.222222 0.333333 -1
1 0.000148 0.499964 -0.000030 0.222222 0.000000 -1
1 -0.007790 0.323542 0.013721 0.333333 0.333333 -1
1 -0.007790 -0.163379 0.013721 0.333333 0.666667 -1
1 -0.014772 -0.163379 0.005401 0.444444 0.666667 -1
1 -0.014772 0.323542 0.005401 0.444444 0.333333 -1
1 0.000148 0.499964 -0.000030 0.444444 0.000000 -1
1 -0.014772 0.323542 -0.005460 0.555556 0.333333 -1
1 -0.014772 -0.163379 -0.005460 0.555556 0.666667 -1
1 -0.007790 -0.163379 -0.013780 0.666667 0.666667 -1
1 -0.007790 0.323542 -0.013780 0.666667 0.333333 -1
1 0.000148 0.499964 -0.000030 0.666667 0.000000 -1
1 0.002906 0.323542 -0.015666 0.777778 0.333333 -1
1 0.002906 -0.163379 -0.015666 0.777778 0.666667 -1
1 0.012312 -0.163379 -0.010236 0.888889 0.666667 -1
1 0.012312 0.323542 -0.010236 0.888889 0.333333 -1
1 0.000148 0.499964 -0.000030 0.888889 0.000000 -1
1 0.016026 0.323542 -0.000030 1.000000 0.333333 -1
1 0.016026 -0.163379 -0.000030 1.000000 0.666667 -1
25
0.939693 0.000000 0.342019
0.938857 0.042173 0.341715
0.765701 0.029915 0.642501
0.766044 0.000000 0.642789
0.936350 0.084271 0.340803
0.173648 0.000000 0.984808
0.173473 0.044874 0.983816
0.172949 0.089637 0.980843
-0.499775 0.029915 0.865638
-0.499999 0.000000 0.866026
-0.939693 0.000000 0.342020
-0.938746 0.044875 0.341675
-0.935910 0.089638 0.340643
-0.939272 0.029915 -0.341867
-0.939693 0.000000 -0.342020
-0.499999 0.000000 -0.866026
-0.499495 0.044875 -0.865154
-0.497986 0.089638 -0.862540
0.173570 0.029915 -0.984367
0.173648 0.000000 -0.984808
0.766044 0.000000 -0.642789
0.765272 0.044875 -0.642141
0.762960 0.089638 -0.640201
0.939322 0.028113 -0.341884
0.939693 0.000000 -0.342019
27
1 0 1 2 0 1 2 1
1 0 2 3 0 2 3 1
1 1 4 2 1 4 2 1
1 3 2 5 3 2 5 1
1 2 6 5 2 6 5 1
1 2 7 6 2 7 6 1
1 5 6 8 5 6 8 1
1 5 8 9 5 8 9 1
1 6 7 8 6 7 8 1
1 9 8 10 9 8 10 1
1 8 11 10 8 11 10 1
1 8 12 11 8 12 11 1
1 10 11 13 10 11 13 1
1 10 13 14 10 13 14 1
1 11 12 13 11 12 13 1
1 14 13 15 14 13 15 1
1 13 16 15 13 16 15 1
1 13 17 16 13 17 16 1
1 15 16 18 15 16 18 1
1 15 18 19 15 18 19 1
1 16 17 18 16 17 18 1
1 19 18 20 19 18 20 1
1 18 21 20 18 21 20 1
1 18 22 21 18 22 21 1
1 20 21 23 20 21 23 1
1 20 23 24 20 23 24 1
1 21 22 23 21 22 23 1
"Tube04" 0 0
25
0 0.563679 -0.505312 0.000000 0.000000 0.000000 -1
0 0.000000 -0.028943 0.000000 0.000000 0.000000 -1
0 0.488160 -0.505312 0.281839 0.000000 0.000000 -1
0 0.281839 -0.505312 0.488160 0.000000 0.000000 -1
0 0.000000 -0.505312 0.563679 0.000000 0.000000 -1
0 -0.281839 -0.505312 0.488160 0.000000 0.000000 -1
0 -0.488160 -0.505312 0.281839 0.000000 0.000000 -1
0 -0.563679 -0.505312 0.000000 0.000000 0.000000 -1
0 -0.488160 -0.505312 -0.281839 0.000000 0.000000 -1
0 -0.281839 -0.505312 -0.488160 0.000000 0.000000 -1
0 0.000000 -0.505312 -0.563679 0.000000 0.000000 -1
0 0.281839 -0.505312 -0.488160 0.000000 0.000000 -1
0 0.488160 -0.505312 -0.281839 0.000000 0.000000 -1
0 0.395412 -0.505312 0.228292 0.000000 0.000000 -1
0 0.456578 -0.505312 0.000000 0.000000 0.000000 -1
0 0.228292 -0.505312 0.395412 0.000000 0.000000 -1
0 0.000000 -0.505312 0.456578 0.000000 0.000000 -1
0 -0.228292 -0.505312 0.395412 0.000000 0.000000 -1
0 -0.395412 -0.505312 0.228292 0.000000 0.000000 -1
0 -0.456578 -0.505312 0.000000 0.000000 0.000000 -1
0 -0.395412 -0.505312 -0.228292 0.000000 0.000000 -1
0 -0.228292 -0.505312 -0.395412 0.000000 0.000000 -1
0 0.000000 -0.505312 -0.456578 0.000000 0.000000 -1
0 0.228292 -0.505312 -0.395412 0.000000 0.000000 -1
0 0.395412 -0.505312 -0.228292 0.000000 0.000000 -1
25
0.965926 0.000000 0.258819
0.707107 0.000000 0.707107
0.258819 0.000000 0.965926
-0.258819 0.000000 0.965926
-0.707107 0.000000 0.707107
-0.965926 0.000000 0.258819
-0.965926 0.000000 -0.258819
-0.707107 0.000000 -0.707107
-0.258819 0.000000 -0.965926
0.258819 0.000000 -0.965926
0.707107 0.000000 -0.707107
0.965926 0.000000 -0.258819
-0.965931 0.000001 -0.258800
-0.707107 -0.000002 -0.707107
-0.258800 -0.000002 -0.965931
0.258800 0.000001 -0.965931
0.707107 -0.000002 -0.707107
0.965931 -0.000002 -0.258800
0.965931 0.000001 0.258800
0.707107 -0.000002 0.707107
0.258800 -0.000002 0.965931
-0.258800 0.000001 0.965931
-0.707107 -0.000002 0.707107
-0.965931 -0.000002 0.258800
0.000000 -1.000000 0.000000
48
0 0 1 2 0 0 0 255
0 2 1 3 1 1 1 255
0 3 1 4 2 2 2 255
0 4 1 5 3 3 3 255
0 5 1 6 4 4 4 255
0 6 1 7 5 5 5 255
0 7 1 8 6 6 6 255
0 8 1 9 7 7 7 255
0 9 1 10 8 8 8 255
0 10 1 11 9 9 9 255
0 11 1 12 10 10 10 255
0 12 1 0 11 11 11 255
0 13 1 14 12 12 12 255
0 15 1 13 13 13 13 255
0 16 1 15 14 14 14 255
0 17 1 16 15 15 15 255
0 18 1 17 16 16 16 255
0 19 1 18 17 17 17 255
0 20 1 19 18 18 18 255
0 21 1 20 19 19 19 255
0 22 1 21 20 20 20 255
0 23 1 22 21 21 21 255
0 24 1 23 22 22 22 255
0 14 1 24 23 23 23 255
0 0 2 13 24 24 24 255
0 14 0 13 24 24 24 255
0 2 3 15 24 24 24 255
0 13 2 15 24 24 24 255
0 3 4 16 24 24 24 255
0 15 3 16 24 24 24 255
0 4 5 17 24 24 24 255
0 16 4 17 24 24 24 255
0 5 6 18 24 24 24 255
0 17 5 18 24 24 24 255
0 6 7 19 24 24 24 255
0 18 6 19 24 24 24 255
0 7 8 20 24 24 24 255
0 19 7 20 24 24 24 255
0 8 9 21 24 24 24 255
0 20 8 21 24 24 24 255
0 9 10 22 24 24 24 255
0 21 9 22 24 24 24 255
0 10 11 23 24 24 24 255
0 22 10 23 24 24 24 255
0 11 12 24 24 24 24 255
0 23 11 24 24 24 24 255
0 12 0 14 24 24 24 255
0 24 12 14 24 24 24 255

Materials: 2
"red"
0.941177 0.196078 0.007843 1.000000
0.980392 0.478431 0.262745 1.000000
0.000000 0.000000 0.000000 1.000000
0.000000 0.000000 0.000000 1.000000
0.000000
1.000000
""
""
"Material08"
0.678431 0.674510 0.682353 1.000000
0.694118 0.690196 0.725490 1.000000
0.000000 0.000000 0.000000 1.000000
0.000000 0.000000 0.000000 1.000000
0.000000
1.000000
""
""

Bones: 0
